service_id,monday,tuesday,wednesday,thursday,friday,saturday,sunday,start_date,end_date
1,1,1,1,1,1,0,0,20201119,20210612
2,0,0,0,0,0,0,0,20201119,20210612
3,1,1,1,1,1,0,0,20201119,20210612
4,0,0,0,0,0,0,0,20201119,20210612
5,0,0,0,0,0,1,0,20201119,20210612
6,1,1,1,1,1,0,0,20201119,20210612
7,1,1,1,1,1,1,0,20201119,20210612
8,1,1,1,1,1,0,0,20201119,20210612
9,1,1,1,1,0,0,0,20201119,20210612
10,0,0,0,0,1,0,0,20201119,20210612
11,0,0,0,0,1,0,0,20201119,20210612
12,0,0,0,0,0,0,0,20201119,20210612
13,0,0,0,0,0,0,0,20201119,20210612
14,1,1,1,1,0,0,0,20201119,20210612
15,0,1,0,0,0,0,0,20201119,20210612
16,0,0,0,0,0,0,0,20201119,20210612
17,0,0,0,0,0,0,0,20201119,20210612
18,0,0,0,0,1,0,0,20201119,20210612
19,0,0,0,0,0,0,0,20201119,20210612
20,0,0,0,0,0,0,0,20201119,20210612
21,0,0,0,0,0,1,1,20201119,20210612
22,0,0,0,0,0,1,1,20201119,20210612
23,0,0,0,0,0,1,1,20201119,20210612
24,0,0,0,0,0,1,0,20201119,20210612
25,0,0,0,0,1,0,0,20201119,20210612
26,1,1,1,1,0,0,0,20201119,20210612
27,0,1,1,1,0,0,0,20201119,20210612
28,0,0,0,0,0,0,0,20201119,20210612
29,0,0,0,0,0,1,1,20201119,20210612
30,1,1,1,1,1,1,1,20201119,20210612
31,0,0,0,0,0,0,0,20201119,20210612
32,1,1,1,1,1,1,1,20201119,20210612
33,0,0,0,0,0,0,1,20201119,20210612
34,1,1,1,1,1,1,0,20201119,20210612
35,0,0,0,0,0,1,0,20201119,20210612
36,1,1,1,1,1,1,1,20201119,20210612
37,0,0,0,0,0,1,1,20201119,20210612
38,0,0,0,0,1,1,0,20201119,20210612
39,0,0,0,0,0,0,0,20201119,20210612
40,1,1,1,1,1,1,0,20201119,20210612
41,0,0,0,0,0,0,1,20201119,20210612
42,1,1,1,1,1,0,0,20201119,20210612
43,1,0,0,0,0,0,0,20201119,20210612
44,0,0,0,0,0,0,0,20201119,20210612
45,0,0,0,0,0,1,1,20201119,20210612
46,1,0,1,1,1,0,0,20201119,20210612
47,0,0,0,0,0,0,0,20201119,20210612
48,0,0,0,0,0,0,0,20201119,20210612
49,0,0,0,0,1,1,0,20201119,20210612
50,0,0,0,0,1,0,0,20201119,20210612
51,0,0,0,0,0,1,0,20201119,20210612
52,1,1,1,1,1,1,0,20201119,20210612
53,1,1,1,1,1,1,1,20201119,20210612
54,1,1,1,0,0,0,0,20201119,20210612
55,0,0,0,1,1,0,0,20201119,20210612
56,1,1,1,1,1,0,1,20201119,20210612
57,1,1,1,0,0,1,1,20201119,20210612
58,1,0,1,0,1,0,0,20201119,20210612
59,0,1,0,1,0,0,0,20201119,20210612
60,1,1,0,1,1,0,0,20201119,20210612
61,0,0,1,0,0,0,0,20201119,20210612
62,1,1,1,0,1,0,0,20201119,20210612
63,0,0,0,1,0,0,0,20201119,20210612
64,1,1,0,1,0,0,0,20201119,20210612
65,0,0,1,0,1,0,0,20201119,20210612
66,0,0,0,0,0,0,0,20201119,20210612
67,0,0,0,0,0,0,0,20201119,20210612
68,0,0,0,0,0,0,0,20201119,20210612
69,0,0,0,0,0,0,0,20201119,20210612
70,0,0,0,0,0,0,0,20201119,20210612
71,0,0,0,0,0,0,0,20201119,20210612
72,0,0,0,0,0,0,0,20201119,20210612
73,0,0,0,0,0,0,0,20201119,20210612
74,0,1,0,0,1,0,0,20201119,20210612
75,1,0,0,0,0,0,0,20201119,20210612
76,0,1,1,1,1,0,0,20201119,20210612
77,0,0,0,0,0,0,0,20201119,20210612
78,0,0,0,0,0,0,0,20201119,20210612
79,0,0,0,0,0,1,0,20201119,20210612
80,0,0,0,0,0,1,0,20201119,20210612
81,0,0,0,0,0,0,0,20201119,20210612
82,0,0,0,0,0,1,1,20201119,20210612
83,0,0,1,1,1,0,0,20201119,20210612
84,0,0,0,0,0,0,0,20201119,20210612
85,0,0,0,0,0,0,0,20201119,20210612
86,0,0,0,0,0,0,0,20201119,20210612
87,0,0,0,0,0,0,0,20201119,20210612
88,0,1,1,1,0,0,0,20201119,20210612
89,1,0,1,1,0,0,0,20201119,20210612
90,0,1,0,0,0,0,0,20201119,20210612
91,1,1,1,0,0,0,0,20201119,20210612
92,0,0,0,1,1,0,0,20201119,20210612
93,1,1,1,1,1,1,0,20201119,20210612
94,0,0,0,0,0,0,0,20201119,20210612
95,1,1,0,1,1,0,0,20201119,20210612
96,0,0,0,0,0,0,0,20201119,20210612
97,0,0,0,0,0,0,0,20201119,20210612
98,1,1,1,1,1,1,0,20201119,20210612
99,1,1,1,1,1,1,0,20201119,20210612
100,0,0,0,0,0,1,0,20201119,20210612
101,0,0,0,0,0,1,1,20201119,20210612
102,0,0,0,0,0,0,0,20201119,20210612
103,0,0,0,0,0,1,1,20201119,20210612
104,1,0,0,0,1,0,0,20201119,20210612
105,1,0,1,1,1,0,0,20201119,20210612
106,0,0,0,0,0,1,0,20201119,20210612
107,1,1,1,1,1,0,0,20201119,20210612
108,0,0,0,0,0,1,0,20201119,20210612
109,1,1,1,1,1,1,0,20201119,20210612
110,1,1,1,1,1,1,1,20201119,20210612
111,0,0,0,0,0,1,1,20201119,20210612
112,0,0,0,0,0,0,1,20201119,20210612
113,1,1,1,1,1,0,0,20201119,20210612
114,0,0,0,0,0,0,0,20201119,20210612
115,0,0,0,0,0,0,0,20201119,20210612
116,1,1,1,1,1,0,1,20201119,20210612
117,0,0,0,0,0,0,0,20201119,20210612
118,0,0,0,0,0,1,1,20201119,20210612
119,0,0,0,0,0,0,0,20201119,20210612
120,0,0,0,0,0,0,1,20201119,20210612
121,1,1,1,1,1,0,0,20201119,20210612
122,0,0,0,0,0,0,1,20201119,20210612
123,0,0,0,0,0,0,0,20201119,20210612
124,0,0,0,0,0,0,0,20201119,20210612
125,0,0,0,0,1,1,0,20201119,20210612
126,1,1,1,1,1,1,1,20201119,20210612
127,0,0,0,0,0,0,0,20201119,20210612
128,1,1,1,1,1,0,0,20201119,20210612
129,0,0,0,0,0,0,0,20201119,20210612
130,1,1,1,1,1,1,1,20201119,20210612
131,0,0,0,0,1,1,0,20201119,20210612
132,0,0,0,0,1,1,0,20201119,20210612
133,0,0,0,0,0,0,0,20201119,20210612
134,0,0,0,0,0,0,0,20201119,20210612
135,0,0,0,0,0,0,0,20201119,20210612
136,0,1,0,1,0,0,0,20201119,20210612
137,1,0,1,0,1,0,0,20201119,20210612
138,1,1,1,1,1,1,1,20201119,20210612
139,0,0,0,0,0,0,0,20201119,20210612
140,1,1,1,1,1,0,0,20201119,20210612
141,0,0,0,0,0,0,0,20201119,20210612
142,1,1,1,1,1,0,0,20201119,20210612
143,1,1,1,1,1,0,0,20201119,20210612
144,0,0,0,0,0,1,1,20201119,20210612
145,1,1,1,1,1,1,0,20201119,20210612
146,0,0,0,0,0,0,0,20201119,20210612
147,0,0,0,0,0,0,0,20201119,20210612
148,0,0,0,0,0,0,1,20201119,20210612
149,1,1,1,1,1,1,1,20201119,20210612
150,1,1,1,1,1,1,0,20201119,20210612
151,0,0,0,0,0,0,0,20201119,20210612
152,0,0,1,1,1,1,0,20201119,20210612
153,0,0,1,1,1,1,0,20201119,20210612
154,0,0,0,0,0,0,0,20201119,20210612
155,1,1,1,1,1,0,0,20201119,20210612
156,0,0,0,0,0,0,0,20201119,20210612
157,0,0,0,0,0,1,1,20201119,20210612
158,1,1,1,1,1,0,0,20201119,20210612
159,0,0,0,0,0,0,0,20201119,20210612
160,0,0,0,0,0,0,0,20201119,20210612
161,0,0,0,0,0,0,0,20201119,20210612
162,0,0,0,0,0,0,0,20201119,20210612
163,0,0,0,0,0,0,0,20201119,20210612
164,0,0,0,0,0,0,0,20201119,20210612
165,0,0,0,0,0,0,0,20201119,20210612
166,0,0,0,0,0,0,0,20201119,20210612
167,0,0,0,0,0,0,0,20201119,20210612
168,0,0,0,0,1,1,0,20201119,20210612
169,1,1,1,1,0,0,1,20201119,20210612
170,0,0,0,0,0,0,0,20201119,20210612
171,0,0,0,0,0,0,0,20201119,20210612
172,0,0,0,0,0,1,1,20201119,20210612
173,0,0,0,0,1,1,0,20201119,20210612
174,0,0,0,0,0,0,0,20201119,20210612
175,0,0,0,0,1,0,0,20201119,20210612
176,0,0,0,0,0,0,0,20201119,20210612
177,1,1,1,1,1,1,1,20201119,20210612
178,0,0,0,0,0,0,0,20201119,20210612
179,1,1,1,1,1,0,0,20201119,20210612
180,0,0,0,0,0,0,0,20201119,20210612
181,0,0,0,0,1,1,0,20201119,20210612
182,0,0,0,0,0,0,0,20201119,20210612
183,0,0,0,0,0,1,1,20201119,20210612
184,0,0,0,0,0,0,0,20201119,20210612
185,0,0,0,0,0,0,0,20201119,20210612
186,0,0,0,0,0,0,0,20201119,20210612
187,0,0,0,0,1,1,0,20201119,20210612
188,0,0,0,0,0,1,0,20201119,20210612
189,0,0,0,0,0,0,0,20201119,20210612
190,0,0,0,0,0,1,0,20201119,20210612
191,1,1,1,1,1,1,1,20201119,20210612
192,0,0,0,0,0,0,0,20201119,20210612
193,0,0,0,0,0,0,0,20201119,20210612
194,0,0,0,0,0,0,0,20201119,20210612
195,1,1,1,1,1,0,0,20201119,20210612
196,0,0,0,0,0,0,0,20201119,20210612
197,0,0,0,0,0,0,0,20201119,20210612
198,0,0,0,0,0,1,0,20201119,20210612
199,0,0,0,0,0,0,1,20201119,20210612
200,1,1,1,1,1,0,0,20201119,20210612
201,1,1,1,1,1,0,0,20201119,20210612
202,1,1,1,1,1,0,0,20201119,20210612
203,1,1,1,1,1,1,0,20201119,20210612
204,1,1,1,1,1,1,0,20201119,20210612
205,0,0,0,0,0,0,0,20201119,20210612
206,0,0,0,0,0,0,0,20201119,20210612
207,0,0,0,0,0,0,0,20201119,20210612
208,1,1,1,1,1,1,1,20201119,20210612
209,0,0,0,0,0,0,0,20201119,20210612
210,0,0,0,0,0,1,0,20201119,20210612
211,0,0,0,0,0,0,1,20201119,20210612
212,1,1,1,1,1,0,0,20201119,20210612
213,0,0,0,0,0,0,1,20201119,20210612
214,0,0,0,0,0,0,0,20201119,20210612
215,0,0,0,0,0,1,1,20201119,20210612
216,0,0,0,0,0,1,1,20201119,20210612
217,0,0,0,0,0,0,0,20201119,20210612
218,1,1,1,1,1,1,0,20201119,20210612
219,1,1,1,1,1,1,1,20201119,20210612
220,1,1,1,1,1,0,0,20201119,20210612
221,0,0,0,0,0,0,0,20201119,20210612
222,1,1,1,1,0,0,1,20201119,20210612
223,0,0,0,0,0,0,0,20201119,20210612
224,0,0,0,0,0,0,0,20201119,20210612
225,0,0,0,0,0,0,0,20201119,20210612
226,0,0,0,0,0,0,0,20201119,20210612
227,1,1,1,1,1,1,0,20201119,20210612
228,0,0,0,0,0,0,0,20201119,20210612
229,0,0,0,0,0,1,1,20201119,20210612
230,1,1,1,1,1,0,0,20201119,20210612
231,1,1,1,1,1,1,0,20201119,20210612
232,0,0,0,0,0,0,1,20201119,20210612
233,1,1,1,1,1,0,0,20201119,20210612
234,0,0,0,0,0,0,0,20201119,20210612
235,1,1,1,1,1,0,0,20201119,20210612
236,0,1,1,1,1,0,0,20201119,20210612
237,1,1,1,1,1,0,0,20201119,20210612
238,0,1,1,0,0,0,0,20201119,20210612
239,0,0,0,0,1,0,0,20201119,20210612
240,1,1,1,1,1,0,0,20201119,20210612
241,0,0,0,0,0,0,0,20201119,20210612
242,0,0,0,0,0,0,0,20201119,20210612
243,0,0,0,0,0,0,0,20201119,20210612
244,0,0,0,0,0,0,0,20201119,20210612
245,0,0,0,0,0,0,0,20201119,20210612
246,0,0,0,0,0,0,0,20201119,20210612
247,1,1,1,1,1,0,0,20201119,20210612
248,0,0,0,0,1,1,0,20201119,20210612
249,0,0,0,0,0,0,0,20201119,20210612
250,0,0,0,0,0,0,0,20201119,20210612
251,0,0,0,0,0,0,0,20201119,20210612
252,0,0,0,0,0,0,0,20201119,20210612
253,0,0,0,0,0,0,0,20201119,20210612
254,1,1,1,1,1,1,1,20201119,20210612
255,0,0,0,0,0,0,0,20201119,20210612
256,0,0,0,0,0,0,0,20201119,20210612
257,0,0,0,0,0,0,0,20201119,20210612
258,1,1,1,1,0,0,1,20201119,20210612
259,0,1,0,1,0,0,0,20201119,20210612
260,1,0,1,0,1,0,0,20201119,20210612
261,0,0,0,0,0,0,0,20201119,20210612
262,0,0,0,0,0,1,1,20201119,20210612
263,0,0,0,0,0,0,0,20201119,20210612
264,0,0,0,0,0,0,0,20201119,20210612
265,0,0,0,0,0,0,0,20201119,20210612
266,0,0,0,0,0,0,0,20201119,20210612
267,0,0,0,0,0,1,1,20201119,20210612
268,1,1,1,1,1,0,0,20201119,20210612
269,0,0,0,0,0,0,0,20201119,20210612
270,1,1,1,1,1,0,0,20201119,20210612
271,0,0,1,0,0,0,0,20201119,20210612
272,0,0,0,0,0,0,0,20201119,20210612
273,0,0,0,0,0,0,0,20201119,20210612
274,0,0,0,0,0,0,0,20201119,20210612
275,1,1,1,1,1,0,0,20201119,20210612
276,0,0,0,0,0,0,0,20201119,20210612
277,1,1,1,1,1,0,0,20201119,20210612
278,0,0,0,0,0,1,1,20201119,20210612
279,0,0,0,0,0,0,0,20201119,20210612
280,0,0,0,0,0,0,0,20201119,20210612
281,0,0,0,0,1,0,0,20201119,20210612
282,1,1,1,1,0,0,0,20201119,20210612
283,0,0,0,0,0,0,0,20201119,20210612
284,1,1,1,1,1,1,1,20201119,20210612
285,0,0,0,0,0,0,0,20201119,20210612
286,1,0,0,1,0,0,0,20201119,20210612
287,1,0,0,1,0,0,0,20201119,20210612
288,0,1,0,0,1,0,0,20201119,20210612
289,0,0,0,0,0,0,0,20201119,20210612
290,0,0,0,0,0,1,1,20201119,20210612
291,0,0,0,0,0,1,1,20201119,20210612
292,0,0,1,0,0,0,0,20201119,20210612
293,0,1,0,1,0,0,0,20201119,20210612
294,1,1,1,1,1,0,0,20201119,20210612
295,1,1,1,1,1,0,0,20201119,20210612
296,0,0,1,0,0,0,0,20201119,20210612
297,0,0,0,0,0,0,0,20201119,20210612
298,0,1,0,1,0,0,0,20201119,20210612
299,0,1,0,1,0,0,0,20201119,20210612
300,0,0,0,1,0,0,0,20201119,20210612
301,0,0,0,0,0,0,0,20201119,20210612
302,0,0,0,0,0,0,0,20201119,20210612
303,0,0,0,0,0,0,0,20201119,20210612
304,0,0,0,0,0,0,0,20201119,20210612
305,1,1,1,1,1,1,1,20201119,20210612
306,1,1,1,1,1,1,1,20201119,20210612
307,0,1,1,1,1,1,0,20201119,20210612
308,1,0,0,0,0,0,0,20201119,20210612
309,1,1,1,1,1,1,0,20201119,20210612
310,0,1,1,1,1,0,0,20201119,20210612
311,1,1,1,1,1,0,0,20201119,20210612
312,0,0,0,0,0,0,0,20201119,20210612
313,1,0,1,0,1,0,0,20201119,20210612
314,0,0,0,0,0,0,0,20201119,20210612
315,0,0,0,0,0,0,0,20201119,20210612
316,1,1,1,1,1,1,1,20201119,20210612
317,0,0,0,0,0,1,1,20201119,20210612
318,1,1,1,1,1,0,0,20201119,20210612
319,0,0,0,0,0,0,0,20201119,20210612
320,0,0,0,0,0,0,0,20201119,20210612
321,0,0,0,0,0,1,1,20201119,20210612
322,0,0,0,0,0,0,0,20201119,20210612
323,0,0,0,0,0,0,0,20201119,20210612
324,1,1,1,1,1,0,1,20201119,20210612
325,0,0,0,0,1,1,0,20201119,20210612
326,1,1,1,1,1,1,1,20201119,20210612
327,1,1,1,1,1,1,1,20201119,20210612
328,0,0,0,0,1,1,0,20201119,20210612
329,1,1,1,1,1,1,1,20201119,20210612
330,1,1,1,1,1,0,0,20201119,20210612
331,1,1,1,1,1,0,0,20201119,20210612
332,1,1,1,1,1,1,0,20201119,20210612
333,1,1,1,1,1,1,1,20201119,20210612
334,0,0,0,0,0,0,0,20201119,20210612
335,0,0,0,0,0,0,0,20201119,20210612
336,1,1,1,1,1,0,0,20201119,20210612
337,0,0,0,0,0,1,1,20201119,20210612
338,0,0,0,0,0,0,0,20201119,20210612
339,1,1,1,1,1,0,0,20201119,20210612
340,0,0,0,0,0,1,1,20201119,20210612
341,1,1,1,1,1,0,0,20201119,20210612
342,1,1,1,1,1,0,0,20201119,20210612
343,0,0,0,0,0,0,0,20201119,20210612
344,1,1,1,1,1,1,0,20201119,20210612
345,1,1,1,1,1,0,0,20201119,20210612
346,1,1,1,1,1,0,0,20201119,20210612
347,0,1,1,0,0,0,0,20201119,20210612
348,1,0,0,1,1,0,0,20201119,20210612
349,0,0,0,0,0,0,0,20201119,20210612
350,0,0,0,0,0,0,0,20201119,20210612
351,0,0,0,0,0,0,0,20201119,20210612
352,0,0,0,0,0,1,0,20201119,20210612
353,0,0,0,0,0,0,0,20201119,20210612
354,0,0,0,0,0,0,0,20201119,20210612
355,0,0,0,0,0,0,0,20201119,20210612
356,0,0,0,0,0,0,0,20201119,20210612
357,0,0,0,0,0,0,0,20201119,20210612
358,0,0,0,0,0,0,0,20201119,20210612
359,0,0,0,0,0,0,0,20201119,20210612
360,0,0,0,0,0,0,0,20201119,20210612
361,0,0,0,0,1,0,0,20201119,20210612
362,1,1,1,1,1,1,1,20201119,20210612
363,1,1,1,1,1,0,0,20201119,20210612
364,1,1,1,1,1,0,0,20201119,20210612
365,0,0,0,0,0,0,1,20201119,20210612
366,1,1,1,1,1,0,0,20201119,20210612
367,1,1,1,1,1,0,0,20201119,20210612
368,1,1,1,1,1,0,0,20201119,20210612
369,1,1,1,1,1,0,0,20201119,20210612
370,1,1,1,1,1,1,0,20201119,20210612
371,1,1,1,1,1,0,0,20201119,20210612
372,0,0,0,0,0,0,1,20201119,20210612
373,1,1,1,1,1,1,0,20201119,20210612
374,1,1,1,1,1,1,0,20201119,20210612
375,0,0,0,0,0,1,1,20201119,20210612
376,1,1,1,1,0,0,0,20201119,20210612
377,1,1,1,1,1,0,0,20201119,20210612
378,1,0,1,1,1,0,0,20201119,20210612
379,0,1,0,0,0,0,0,20201119,20210612
380,0,0,0,0,0,1,0,20201119,20210612
381,1,1,1,1,1,0,0,20201119,20210612
382,0,0,0,0,0,0,0,20201119,20210612
383,0,0,0,0,0,0,0,20201119,20210612
384,0,0,0,0,0,1,1,20201119,20210612
385,1,1,1,1,1,0,0,20201119,20210612
386,0,0,0,0,0,0,0,20201119,20210612
387,1,1,1,1,1,0,0,20201119,20210612
388,0,0,0,0,0,1,0,20201119,20210612
389,0,0,0,0,0,1,1,20201119,20210612
390,0,0,0,0,0,1,1,20201119,20210612
391,0,0,0,0,0,1,1,20201119,20210612
392,0,0,0,0,0,1,0,20201119,20210612
393,0,0,0,0,0,0,0,20201119,20210612
394,0,0,0,0,0,0,0,20201119,20210612
395,0,0,0,0,0,0,0,20201119,20210612
396,0,0,0,0,0,0,0,20201119,20210612
397,0,0,0,0,0,0,0,20201119,20210612
398,0,0,0,0,0,0,0,20201119,20210612
399,0,0,0,0,0,0,0,20201119,20210612
400,0,0,0,0,0,0,0,20201119,20210612
401,0,0,0,0,0,0,0,20201119,20210612
402,0,0,0,0,0,0,0,20201119,20210612
403,1,1,1,1,1,0,0,20201119,20210612
404,0,0,0,0,0,0,0,20201119,20210612
405,1,1,1,1,1,0,1,20201119,20210612
406,0,0,0,0,0,0,0,20201119,20210612
407,0,0,0,0,0,0,0,20201119,20210612
408,0,0,0,0,0,0,0,20201119,20210612
409,0,0,0,0,0,0,0,20201119,20210612
410,0,0,0,0,0,0,0,20201119,20210612
411,0,0,0,0,0,1,0,20201119,20210612
412,0,0,0,0,0,1,1,20201119,20210612
413,0,0,0,0,0,0,0,20201119,20210612
414,1,1,1,1,1,1,1,20201119,20210612
415,0,0,0,0,0,0,0,20201119,20210612
416,0,0,0,0,0,0,1,20201119,20210612
417,0,0,0,0,0,1,1,20201119,20210612
418,1,1,1,1,1,1,1,20201119,20210612
419,0,0,0,0,0,1,1,20201119,20210612
420,0,0,0,0,0,0,0,20201119,20210612
421,0,1,1,0,0,0,0,20201119,20210612
422,0,0,0,0,0,0,0,20201119,20210612
423,0,0,0,0,1,0,0,20201119,20210612
424,0,0,0,0,0,0,0,20201119,20210612
425,0,0,0,0,0,0,0,20201119,20210612
426,0,0,0,0,0,0,0,20201119,20210612
427,0,1,0,0,0,0,0,20201119,20210612
428,0,0,0,0,0,0,0,20201119,20210612
429,0,0,0,0,0,1,0,20201119,20210612
430,0,0,0,0,0,0,0,20201119,20210612
431,0,0,0,0,0,0,0,20201119,20210612
432,0,0,0,0,0,0,0,20201119,20210612
433,0,0,0,0,0,0,0,20201119,20210612
434,0,0,0,0,0,0,0,20201119,20210612
435,0,0,0,0,0,0,0,20201119,20210612
436,0,0,0,0,0,0,0,20201119,20210612
437,0,0,0,0,0,0,0,20201119,20210612
438,0,0,0,0,0,0,0,20201119,20210612
439,0,0,0,0,0,0,0,20201119,20210612
440,0,0,0,0,0,0,0,20201119,20210612
441,1,1,1,1,1,0,0,20201119,20210612
442,0,0,0,0,0,0,0,20201119,20210612
443,0,0,0,0,0,1,1,20201119,20210612
444,0,0,0,0,0,0,0,20201119,20210612
445,0,0,0,0,0,0,0,20201119,20210612
446,0,0,0,0,0,0,1,20201119,20210612
447,0,0,0,0,0,0,0,20201119,20210612
448,0,0,0,0,0,1,0,20201119,20210612
449,0,0,0,0,0,0,0,20201119,20210612
450,0,0,0,0,0,0,0,20201119,20210612
451,0,0,0,0,0,0,0,20201119,20210612
452,0,0,0,0,1,1,0,20201119,20210612
453,1,1,1,1,1,0,0,20201119,20210612
454,1,1,1,1,1,0,0,20201119,20210612
455,0,0,0,0,0,0,0,20201119,20210612
456,1,1,1,1,1,1,0,20201119,20210612
457,0,0,0,0,0,0,1,20201119,20210612
458,0,0,0,0,0,0,0,20201119,20210612
459,0,0,0,0,0,0,0,20201119,20210612
460,0,0,0,0,0,1,0,20201119,20210612
461,1,1,1,1,1,0,1,20201119,20210612
462,1,1,1,1,1,1,0,20201119,20210612
463,1,1,1,1,1,1,1,20201119,20210612
464,1,1,1,1,1,1,1,20201119,20210612
465,0,0,0,0,0,1,0,20201119,20210612
466,0,0,0,0,0,1,1,20201119,20210612
467,0,0,0,0,0,0,0,20201119,20210612
468,0,0,0,0,0,0,0,20201119,20210612
469,0,0,0,0,0,1,1,20201119,20210612
470,0,0,0,0,1,1,0,20201119,20210612
471,0,0,0,0,0,0,1,20201119,20210612
472,0,0,0,0,0,0,1,20201119,20210612
473,0,0,0,0,0,0,0,20201119,20210612
474,1,1,1,1,1,0,0,20201119,20210612
475,0,0,0,0,0,0,0,20201119,20210612
476,0,0,0,0,0,0,0,20201119,20210612
477,0,0,0,0,0,0,0,20201119,20210612
478,0,0,0,0,0,0,0,20201119,20210612
479,0,0,0,0,0,0,0,20201119,20210612
480,0,0,0,0,0,0,0,20201119,20210612
481,0,1,1,0,0,0,0,20201119,20210612
482,1,1,1,1,0,0,0,20201119,20210612
483,1,1,1,1,1,1,1,20201119,20210612
484,1,1,1,1,0,1,1,20201119,20210612
485,1,1,0,0,0,0,0,20201119,20210612
486,1,1,1,1,0,0,0,20201119,20210612
487,0,0,0,0,0,0,1,20201119,20210612
488,1,1,0,0,0,0,0,20201119,20210612
489,0,0,0,0,0,0,0,20201119,20210612
490,0,0,0,0,0,0,0,20201119,20210612
491,0,0,0,0,0,0,0,20201119,20210612
492,0,0,0,0,0,0,0,20201119,20210612
493,0,0,0,0,0,0,0,20201119,20210612
494,0,0,0,0,0,0,0,20201119,20210612
495,0,0,0,0,0,0,0,20201119,20210612
496,0,0,0,0,0,0,0,20201119,20210612
497,0,0,0,0,0,0,0,20201119,20210612
498,0,0,0,0,0,0,0,20201119,20210612
499,0,0,0,0,0,0,0,20201119,20210612
500,0,0,0,0,0,0,0,20201119,20210612
501,0,0,0,0,0,0,0,20201119,20210612
502,0,0,0,0,0,0,0,20201119,20210612
503,0,0,0,0,0,0,0,20201119,20210612
504,0,0,0,0,0,0,0,20201119,20210612
505,0,0,0,0,0,0,0,20201119,20210612
506,0,0,0,0,0,0,0,20201119,20210612
507,0,0,0,0,0,1,1,20201119,20210612
508,0,0,0,0,0,0,0,20201119,20210612
509,0,0,0,0,0,0,0,20201119,20210612
510,1,1,1,1,0,0,1,20201119,20210612
511,1,1,1,1,0,0,1,20201119,20210612
512,0,0,0,0,0,0,0,20201119,20210612
513,0,0,0,0,1,1,0,20201119,20210612
514,0,0,0,0,1,1,0,20201119,20210612
515,0,0,0,0,0,0,0,20201119,20210612
516,1,1,0,1,0,1,1,20201119,20210612
517,0,0,0,0,1,1,0,20201119,20210612
518,0,0,0,0,0,0,0,20201119,20210612
519,0,0,0,0,0,0,0,20201119,20210612
520,0,0,0,0,0,0,0,20201119,20210612
521,0,0,0,0,0,0,0,20201119,20210612
522,0,0,0,0,0,0,0,20201119,20210612
523,0,0,0,0,0,0,0,20201119,20210612
524,0,0,0,0,0,0,0,20201119,20210612
525,0,0,0,0,0,0,0,20201119,20210612
526,0,0,0,0,0,0,0,20201119,20210612
527,0,0,0,0,1,1,0,20201119,20210612
528,0,0,0,0,0,0,0,20201119,20210612
529,0,0,0,0,0,0,0,20201119,20210612
530,1,1,1,1,0,0,1,20201119,20210612
531,0,0,0,0,0,0,0,20201119,20210612
532,1,1,1,1,1,0,0,20201119,20210612
533,0,0,0,0,0,0,0,20201119,20210612
534,0,0,0,0,0,0,0,20201119,20210612
535,0,0,0,0,0,0,0,20201119,20210612
536,1,1,1,1,1,0,0,20201119,20210612
537,0,0,0,0,0,0,0,20201119,20210612
538,1,1,1,1,1,1,0,20201119,20210612
539,0,0,0,0,0,0,0,20201119,20210612
540,1,1,1,1,1,1,1,20201119,20210612
541,0,0,0,0,0,0,0,20201119,20210612
542,0,0,0,0,0,0,0,20201119,20210612
543,0,0,0,0,0,0,0,20201119,20210612
544,1,1,1,1,1,1,1,20201119,20210612
545,0,0,0,0,0,0,0,20201119,20210612
546,0,0,0,0,0,0,0,20201119,20210612
547,0,0,0,0,1,1,0,20201119,20210612
548,0,0,0,0,1,1,0,20201119,20210612
549,0,0,0,0,0,1,0,20201119,20210612
550,0,0,0,0,1,0,0,20201119,20210612
551,0,0,0,0,0,0,0,20201119,20210612
552,0,0,0,0,0,0,0,20201119,20210612
553,0,0,0,0,0,0,0,20201119,20210612
554,0,0,0,0,0,0,0,20201119,20210612
555,0,0,0,0,0,0,0,20201119,20210612
556,0,0,0,0,0,0,0,20201119,20210612
557,0,0,0,0,0,0,0,20201119,20210612
558,1,1,1,1,1,0,0,20201119,20210612
559,0,0,0,0,0,1,0,20201119,20210612
560,1,1,1,1,0,1,1,20201119,20210612
561,1,1,1,1,0,0,1,20201119,20210612
562,1,1,1,1,0,1,1,20201119,20210612
563,0,0,0,0,1,0,0,20201119,20210612
564,0,0,0,0,0,0,0,20201119,20210612
565,0,0,0,0,0,0,0,20201119,20210612
566,0,0,0,0,0,0,0,20201119,20210612
567,0,0,0,0,0,0,0,20201119,20210612
568,0,0,0,0,0,0,0,20201119,20210612
569,0,0,0,0,0,0,0,20201119,20210612
570,0,0,0,0,0,0,0,20201119,20210612
571,0,0,0,0,0,0,0,20201119,20210612
572,0,0,0,0,0,0,0,20201119,20210612
573,0,0,0,0,0,0,0,20201119,20210612
574,0,0,0,0,0,0,0,20201119,20210612
575,0,0,0,0,0,0,0,20201119,20210612
576,0,0,0,0,0,0,0,20201119,20210612
577,0,0,0,0,0,0,0,20201119,20210612
578,0,0,0,0,0,0,0,20201119,20210612
579,0,0,0,0,0,0,0,20201119,20210612
580,0,0,0,0,0,0,0,20201119,20210612
581,0,0,0,0,0,0,0,20201119,20210612
582,0,0,0,0,0,1,1,20201119,20210612
583,0,0,0,0,0,1,0,20201119,20210612
584,1,1,1,1,1,0,0,20201119,20210612
585,0,0,0,0,0,0,0,20201119,20210612
586,0,0,0,0,0,0,0,20201119,20210612
587,0,0,0,0,0,1,1,20201119,20210612
588,0,0,0,0,0,0,0,20201119,20210612
589,1,1,1,1,0,1,1,20201119,20210612
590,1,1,1,1,0,0,0,20201119,20210612
591,0,0,0,0,0,0,0,20201119,20210612
592,0,0,0,0,1,1,1,20201119,20210612
593,0,0,0,0,1,0,0,20201119,20210612
594,0,0,0,0,0,0,0,20201119,20210612
595,0,0,0,0,1,0,0,20201119,20210612
596,1,1,1,1,0,0,0,20201119,20210612
597,1,1,1,1,0,0,0,20201119,20210612
598,0,0,0,0,0,1,0,20201119,20210612
599,0,0,0,0,0,0,0,20201119,20210612
600,0,0,0,0,0,0,0,20201119,20210612
601,1,1,1,1,1,1,1,20201119,20210612
602,0,0,0,0,0,1,1,20201119,20210612
603,0,0,0,0,0,0,0,20201119,20210612
604,1,1,1,1,0,1,1,20201119,20210612
605,0,0,0,0,0,0,0,20201119,20210612
606,0,0,0,0,1,1,1,20201119,20210612
607,0,0,0,0,0,1,0,20201119,20210612
608,1,1,1,1,1,0,1,20201119,20210612
609,1,1,1,1,0,0,0,20201119,20210612
610,0,0,0,0,1,1,1,20201119,20210612
611,1,1,1,1,1,0,0,20201119,20210612
612,0,0,0,0,0,1,1,20201119,20210612
613,0,0,0,0,0,0,0,20201119,20210612
614,1,1,1,1,0,0,0,20201119,20210612
615,1,1,1,1,1,1,0,20201119,20210612
616,1,1,1,1,1,1,1,20201119,20210612
617,1,1,1,1,1,1,1,20201119,20210612
618,0,0,0,0,0,0,1,20201119,20210612
619,0,0,0,0,0,1,1,20201119,20210612
620,0,0,0,0,0,0,1,20201119,20210612
621,0,0,0,0,1,1,0,20201119,20210612
622,1,1,1,1,1,0,0,20201119,20210612
623,1,1,1,1,1,1,0,20201119,20210612
624,1,1,1,1,1,1,1,20201119,20210612
625,1,1,1,1,1,1,1,20201119,20210612
626,1,1,1,1,0,0,1,20201119,20210612
627,0,0,0,0,0,0,0,20201119,20210612
628,1,1,1,1,1,1,0,20201119,20210612
629,1,1,1,1,1,1,1,20201119,20210612
630,1,1,1,1,1,1,1,20201119,20210612
631,0,0,0,0,0,0,0,20201119,20210612
632,0,0,0,0,0,0,0,20201119,20210612
633,0,0,0,0,0,0,0,20201119,20210612
634,1,1,1,1,1,1,1,20201119,20210612
635,1,1,1,1,0,0,1,20201119,20210612
636,1,1,1,1,1,1,0,20201119,20210612
637,1,1,1,1,1,1,0,20201119,20210612
638,1,1,1,1,1,0,0,20201119,20210612
639,0,0,0,0,0,1,0,20201119,20210612
640,1,1,1,1,1,0,0,20201119,20210612
641,1,1,1,1,1,1,0,20201119,20210612
642,1,1,1,1,1,1,0,20201119,20210612
643,0,0,0,0,0,0,0,20201119,20210612
644,1,1,1,1,1,1,0,20201119,20210612
645,0,0,0,0,0,1,0,20201119,20210612
646,1,1,1,1,1,1,0,20201119,20210612
647,0,0,0,0,0,0,0,20201119,20210612
648,1,1,1,1,1,1,0,20201119,20210612
649,0,0,0,0,0,0,0,20201119,20210612
650,0,0,0,0,0,0,1,20201119,20210612
651,1,1,1,1,0,0,1,20201119,20210612
652,1,1,1,1,0,0,1,20201119,20210612
653,0,0,0,0,0,0,1,20201119,20210612
654,0,0,0,0,0,1,0,20201119,20210612
655,1,1,1,1,1,1,1,20201119,20210612
656,1,1,1,1,1,1,1,20201119,20210612
657,1,1,1,1,1,0,1,20201119,20210612
658,1,1,1,1,1,1,1,20201119,20210612
659,1,1,1,1,1,1,0,20201119,20210612
660,1,1,1,1,0,0,1,20201119,20210612
661,1,1,1,1,1,1,1,20201119,20210612
662,1,1,1,1,1,0,0,20201119,20210612
663,0,0,0,0,1,1,0,20201119,20210612
664,0,0,0,0,0,0,0,20201119,20210612
665,0,0,0,0,0,0,0,20201119,20210612
666,0,0,0,0,0,0,0,20201119,20210612
667,0,0,0,0,0,0,0,20201119,20210612
668,0,0,0,0,0,0,0,20201119,20210612
669,0,0,0,0,0,1,1,20201119,20210612
670,0,0,0,0,0,0,1,20201119,20210612
671,1,1,1,1,1,1,1,20201119,20210612
672,1,1,1,1,1,1,1,20201119,20210612
673,1,1,1,1,1,1,1,20201119,20210612
674,0,0,0,0,1,1,0,20201119,20210612
675,1,1,1,1,0,0,1,20201119,20210612
676,0,0,0,0,0,0,0,20201119,20210612
677,0,0,0,0,1,1,0,20201119,20210612
678,1,1,1,1,1,1,1,20201119,20210612
679,1,1,1,1,0,0,1,20201119,20210612
680,1,1,1,1,1,1,1,20201119,20210612
681,0,0,0,0,0,0,0,20201119,20210612
682,1,1,1,1,1,0,0,20201119,20210612
683,0,0,0,0,0,1,1,20201119,20210612
684,0,0,0,0,0,0,0,20201119,20210612
685,0,0,0,0,0,1,1,20201119,20210612
686,0,0,0,0,0,1,1,20201119,20210612
687,0,0,0,0,0,0,0,20201119,20210612
688,0,0,0,0,0,0,0,20201119,20210612
689,0,0,0,0,0,0,0,20201119,20210612
690,0,0,0,0,0,0,0,20201119,20210612
691,1,1,1,1,1,1,1,20201119,20210612
692,0,0,0,0,0,1,1,20201119,20210612
693,1,1,1,1,1,1,1,20201119,20210612
694,0,0,0,0,0,0,0,20201119,20210612
695,0,0,0,0,0,0,0,20201119,20210612
696,0,0,0,0,0,0,0,20201119,20210612
697,0,0,0,0,0,0,0,20201119,20210612
698,0,0,0,0,0,0,0,20201119,20210612
699,0,0,0,0,0,0,0,20201119,20210612
700,0,0,0,0,0,0,0,20201119,20210612
701,0,0,0,0,0,1,0,20201119,20210612
702,1,1,1,1,1,0,1,20201119,20210612
703,0,0,0,0,0,0,0,20201119,20210612
704,0,0,0,0,0,0,0,20201119,20210612
705,0,0,0,0,0,0,0,20201119,20210612
706,0,0,0,0,0,0,0,20201119,20210612
707,0,0,0,0,0,0,0,20201119,20210612
708,0,0,0,0,0,0,0,20201119,20210612
709,0,0,0,0,0,0,0,20201119,20210612
710,0,0,0,0,0,0,0,20201119,20210612
711,0,0,0,0,0,0,0,20201119,20210612
712,1,1,1,1,0,0,1,20201119,20210612
713,0,0,0,0,0,0,0,20201119,20210612
714,0,0,0,0,0,0,0,20201119,20210612
715,0,0,0,0,0,0,0,20201119,20210612
716,1,1,1,1,0,0,1,20201119,20210612
717,0,0,0,0,0,0,0,20201119,20210612
718,1,1,1,1,0,0,0,20201119,20210612
719,0,0,0,0,0,0,0,20201119,20210612
720,1,1,1,1,1,0,0,20201119,20210612
721,1,1,1,1,1,1,1,20201119,20210612
722,0,0,0,0,0,0,0,20201119,20210612
723,0,0,0,0,0,0,0,20201119,20210612
724,0,0,0,0,0,0,1,20201119,20210612
725,0,0,0,0,0,0,0,20201119,20210612
726,0,0,0,0,0,0,0,20201119,20210612
727,0,0,0,0,0,0,1,20201119,20210612
728,0,0,0,0,0,1,0,20201119,20210612
729,1,1,1,1,1,0,0,20201119,20210612
730,0,0,0,0,0,1,0,20201119,20210612
731,0,0,0,0,0,0,0,20201119,20210612
732,0,0,0,0,1,0,0,20201119,20210612
733,0,0,0,0,1,0,0,20201119,20210612
734,0,0,0,0,0,0,1,20201119,20210612
735,0,0,0,0,0,0,0,20201119,20210612
736,0,0,0,0,0,0,0,20201119,20210612
737,0,0,0,0,0,0,0,20201119,20210612
738,0,0,0,0,0,0,0,20201119,20210612
739,0,0,0,0,0,0,0,20201119,20210612
740,0,0,0,0,0,0,0,20201119,20210612
741,0,0,0,0,0,0,0,20201119,20210612
742,0,0,0,0,0,0,0,20201119,20210612
743,0,0,0,0,1,1,0,20201119,20210612
744,0,0,0,0,0,0,1,20201119,20210612
745,0,0,0,0,0,0,0,20201119,20210612
746,0,0,0,0,0,0,0,20201119,20210612
747,1,1,1,1,1,1,1,20201119,20210612
748,1,1,1,1,0,0,1,20201119,20210612
749,1,1,1,1,1,0,0,20201119,20210612
750,1,1,1,1,1,0,1,20201119,20210612
751,0,0,0,0,0,0,1,20201119,20210612
752,1,1,1,1,1,0,0,20201119,20210612
753,1,1,1,1,1,0,0,20201119,20210612
754,1,1,1,1,0,0,1,20201119,20210612
755,0,0,0,0,0,1,0,20201119,20210612
756,1,1,1,1,1,1,0,20201119,20210612
757,1,1,1,1,1,1,0,20201119,20210612
758,1,1,1,1,1,1,1,20201119,20210612
759,0,0,0,0,0,1,1,20201119,20210612
760,0,0,0,0,0,1,1,20201119,20210612
761,1,1,1,1,1,1,1,20201119,20210612
762,1,1,1,1,1,1,1,20201119,20210612
763,1,1,1,1,1,1,1,20201119,20210612
764,1,1,1,1,1,1,1,20201119,20210612
765,0,0,0,0,0,0,0,20201119,20210612
766,1,1,1,1,1,0,0,20201119,20210612
767,1,1,1,1,1,0,0,20201119,20210612
768,1,1,1,1,1,1,1,20201119,20210612
769,1,1,1,1,1,1,1,20201119,20210612
770,1,1,1,1,1,1,1,20201119,20210612
771,1,1,1,1,1,1,1,20201119,20210612
772,1,1,1,1,1,1,1,20201119,20210612
773,0,0,0,0,0,1,1,20201119,20210612
774,0,0,0,0,0,0,1,20201119,20210612
775,1,1,1,1,1,1,1,20201119,20210612
776,0,0,0,0,1,1,0,20201119,20210612
777,1,1,1,1,1,0,0,20201119,20210612
778,1,1,1,1,1,1,1,20201119,20210612
779,1,1,1,1,1,1,1,20201119,20210612
780,0,0,0,0,0,1,1,20201119,20210612
781,1,1,1,1,1,1,1,20201119,20210612
782,1,1,1,1,1,1,1,20201119,20210612
783,1,1,1,1,1,1,1,20201119,20210612
784,0,0,0,0,1,1,0,20201119,20210612
785,1,1,1,1,0,0,1,20201119,20210612
786,0,0,0,0,1,1,0,20201119,20210612
787,1,1,1,1,1,1,0,20201119,20210612
788,1,1,1,1,1,1,1,20201119,20210612
789,1,1,1,1,1,1,1,20201119,20210612
790,1,1,1,1,1,1,1,20201119,20210612
791,1,1,1,1,0,0,1,20201119,20210612
792,1,1,1,1,0,0,1,20201119,20210612
793,1,1,1,1,0,0,1,20201119,20210612
794,0,0,0,0,1,1,0,20201119,20210612
795,0,0,0,0,0,0,1,20201119,20210612
796,0,0,0,0,0,0,0,20201119,20210612
797,0,0,0,0,0,0,0,20201119,20210612
798,1,1,1,1,0,0,1,20201119,20210612
799,0,0,0,0,0,0,0,20201119,20210612
800,0,0,0,0,0,0,0,20201119,20210612
801,0,0,0,0,0,0,0,20201119,20210612
802,0,0,0,0,0,1,0,20201119,20210612
803,0,0,0,0,0,0,0,20201119,20210612
804,1,1,1,1,1,0,1,20201119,20210612
805,0,0,0,0,0,0,0,20201119,20210612
806,1,1,1,1,0,0,1,20201119,20210612
807,0,0,0,0,0,0,1,20201119,20210612
808,0,0,0,0,0,0,0,20201119,20210612
809,0,0,0,0,0,0,0,20201119,20210612
810,1,1,1,1,0,0,1,20201119,20210612
811,1,1,1,1,0,0,1,20201119,20210612
812,0,0,0,0,0,1,1,20201119,20210612
813,1,1,1,1,1,1,0,20201119,20210612
814,1,1,1,1,1,1,1,20201119,20210612
815,1,1,1,1,1,0,1,20201119,20210612
816,0,0,0,0,0,1,0,20201119,20210612
817,1,1,1,1,1,1,1,20201119,20210612
818,1,1,1,1,1,1,1,20201119,20210612
819,0,0,0,0,1,1,0,20201119,20210612
820,1,1,1,1,1,1,1,20201119,20210612
821,1,1,1,1,0,0,1,20201119,20210612
822,0,0,0,0,1,1,0,20201119,20210612
823,1,1,1,1,0,0,1,20201119,20210612
824,1,1,1,1,1,0,0,20201119,20210612
825,0,0,0,0,0,0,0,20201119,20210612
826,1,1,1,1,1,0,0,20201119,20210612
827,1,1,1,1,1,1,0,20201119,20210612
828,1,1,1,1,1,1,0,20201119,20210612
829,1,1,1,1,1,1,1,20201119,20210612
830,1,1,1,1,1,1,1,20201119,20210612
831,1,1,1,1,1,0,1,20201119,20210612
832,0,0,0,0,0,1,0,20201119,20210612
833,0,0,0,0,0,1,0,20201119,20210612
834,1,1,1,1,1,0,1,20201119,20210612
835,0,0,0,0,1,1,0,20201119,20210612
836,1,1,1,1,1,0,0,20201119,20210612
837,0,0,0,0,0,0,0,20201119,20210612
838,0,0,0,0,1,1,0,20201119,20210612
839,1,1,1,1,0,0,1,20201119,20210612
840,0,0,0,0,1,1,0,20201119,20210612
841,0,0,0,0,0,0,0,20201119,20210612
842,0,0,0,0,0,0,0,20201119,20210612
843,0,0,0,0,0,0,0,20201119,20210612
844,0,0,0,0,0,0,0,20201119,20210612
845,0,0,0,0,0,0,0,20201119,20210612
846,1,1,1,1,1,1,1,20201119,20210612
847,0,0,0,0,0,0,0,20201119,20210612
848,0,0,0,0,1,1,0,20201119,20210612
849,0,0,0,0,0,0,0,20201119,20210612
850,0,0,0,0,1,0,0,20201119,20210612
851,0,0,0,0,0,1,0,20201119,20210612
852,0,0,0,0,0,0,0,20201119,20210612
853,0,0,0,0,0,0,1,20201119,20210612
854,0,0,0,0,0,0,0,20201119,20210612
855,0,0,0,0,0,0,0,20201119,20210612
856,1,1,1,1,0,0,0,20201119,20210612
857,0,0,0,0,1,1,0,20201119,20210612
858,0,0,0,0,0,0,0,20201119,20210612
859,0,0,0,0,0,0,0,20201119,20210612
860,0,0,0,0,0,0,0,20201119,20210612
861,1,1,1,1,1,0,0,20201119,20210612
862,0,0,0,0,0,0,0,20201119,20210612
863,0,0,0,0,0,0,0,20201119,20210612
864,0,0,0,0,0,0,0,20201119,20210612
865,0,0,0,0,0,0,0,20201119,20210612
866,0,0,0,0,0,0,0,20201119,20210612
867,0,0,0,0,0,0,0,20201119,20210612
868,0,0,0,0,0,0,0,20201119,20210612
869,0,0,0,0,0,0,0,20201119,20210612
870,0,0,0,0,0,0,0,20201119,20210612
871,0,0,0,0,0,0,0,20201119,20210612
872,0,0,0,0,0,0,0,20201119,20210612
873,0,0,0,0,0,0,0,20201119,20210612
874,0,0,0,0,0,0,0,20201119,20210612
875,1,1,1,1,1,0,1,20201119,20210612
876,0,0,0,0,0,0,1,20201119,20210612
877,1,1,1,1,1,0,0,20201119,20210612
878,1,1,1,1,1,1,0,20201119,20210612
879,1,1,1,1,1,1,0,20201119,20210612
880,1,1,1,1,0,0,0,20201119,20210612
881,0,0,0,0,0,0,1,20201119,20210612
882,0,0,0,0,0,0,1,20201119,20210612
883,0,0,0,0,0,1,0,20201119,20210612
884,0,0,0,0,0,0,0,20201119,20210612
885,1,1,1,1,0,0,1,20201119,20210612
886,1,1,1,1,0,0,0,20201119,20210612
887,0,0,0,0,0,0,0,20201119,20210612
888,0,0,0,0,0,0,0,20201119,20210612
889,0,0,0,0,0,0,0,20201119,20210612
890,1,1,1,1,1,1,1,20201119,20210612
891,1,1,1,1,1,1,1,20201119,20210612
892,1,1,1,1,1,1,1,20201119,20210612
893,0,0,0,0,0,1,0,20201119,20210612
894,1,1,1,1,1,0,1,20201119,20210612
895,0,0,0,0,1,1,0,20201119,20210612
896,0,0,0,0,1,0,0,20201119,20210612
897,1,1,1,1,0,0,1,20201119,20210612
898,1,1,1,1,1,1,1,20201119,20210612
899,0,0,0,0,0,0,0,20201119,20210612
900,1,1,1,1,0,0,1,20201119,20210612
901,1,1,1,1,0,0,1,20201119,20210612
902,0,0,0,0,0,0,0,20201119,20210612
903,0,0,0,0,1,0,0,20201119,20210612
904,0,0,0,0,0,1,0,20201119,20210612
905,1,1,1,1,1,1,1,20201119,20210612
906,1,1,1,1,1,1,1,20201119,20210612
907,0,0,0,0,1,1,0,20201119,20210612
908,0,0,0,0,0,0,0,20201119,20210612
909,0,0,0,0,0,0,0,20201119,20210612
910,0,0,0,0,0,0,0,20201119,20210612
911,1,1,1,1,0,0,1,20201119,20210612
912,1,1,1,1,1,0,0,20201119,20210612
913,0,0,0,0,0,1,0,20201119,20210612
914,1,1,1,1,1,0,1,20201119,20210612
915,0,0,0,0,0,1,1,20201119,20210612
916,1,1,1,1,1,0,0,20201119,20210612
917,1,1,1,1,1,1,0,20201119,20210612
918,0,0,0,0,0,1,0,20201119,20210612
919,1,1,1,1,1,1,1,20201119,20210612
920,1,1,1,1,1,1,0,20201119,20210612
921,1,1,1,1,0,0,1,20201119,20210612
922,0,0,0,0,1,1,0,20201119,20210612
923,0,0,0,0,1,1,0,20201119,20210612
924,1,1,1,1,0,0,1,20201119,20210612
925,0,0,0,0,0,0,0,20201119,20210612
926,1,1,1,1,1,1,1,20201119,20210612
927,1,1,1,1,0,0,1,20201119,20210612
928,0,0,0,0,1,0,0,20201119,20210612
929,1,1,1,1,1,1,1,20201119,20210612
930,1,1,1,1,1,1,1,20201119,20210612
931,0,0,0,0,1,1,0,20201119,20210612
932,0,0,0,0,1,1,0,20201119,20210612
933,1,1,1,1,0,0,1,20201119,20210612
934,1,1,1,1,1,1,1,20201119,20210612
935,0,0,0,0,1,1,0,20201119,20210612
936,1,1,1,1,1,0,1,20201119,20210612
937,1,1,1,1,0,0,1,20201119,20210612
938,1,1,1,1,0,0,1,20201119,20210612
939,1,1,1,1,1,1,1,20201119,20210612
940,1,1,1,1,1,1,1,20201119,20210612
941,1,1,1,1,1,0,1,20201119,20210612
942,0,0,0,0,1,1,0,20201119,20210612
943,1,1,1,1,1,1,1,20201119,20210612
944,0,0,0,0,0,0,0,20201119,20210612
945,0,0,0,0,0,0,0,20201119,20210612
946,0,0,0,0,0,0,0,20201119,20210612
947,1,1,1,1,0,0,1,20201119,20210612
948,0,0,0,0,1,1,0,20201119,20210612
949,1,1,1,1,1,1,1,20201119,20210612
950,1,1,1,1,1,0,0,20201119,20210612
951,1,1,1,1,1,0,0,20201119,20210612
952,0,0,0,0,0,0,0,20201119,20210612
953,0,0,0,0,0,0,0,20201119,20210612
954,1,1,1,1,0,0,1,20201119,20210612
955,0,0,0,0,0,0,0,20201119,20210612
956,0,0,0,0,0,1,1,20201119,20210612
957,0,0,0,0,0,0,0,20201119,20210612
958,0,0,0,0,0,0,0,20201119,20210612
959,0,0,0,0,0,0,0,20201119,20210612
960,0,0,0,0,0,0,0,20201119,20210612
961,0,0,0,0,0,0,0,20201119,20210612
962,0,0,0,0,0,0,0,20201119,20210612
963,0,0,0,0,0,0,0,20201119,20210612
964,1,1,1,1,1,1,1,20201119,20210612
965,1,1,1,1,1,1,1,20201119,20210612
966,1,1,1,1,1,1,1,20201119,20210612
967,1,1,1,1,1,1,1,20201119,20210612
968,1,1,1,1,1,1,1,20201119,20210612
969,1,1,1,1,1,1,1,20201119,20210612
970,1,1,1,1,1,1,1,20201119,20210612
971,1,1,1,1,1,1,1,20201119,20210612
972,1,1,1,1,1,1,1,20201119,20210612
973,1,1,1,1,1,1,1,20201119,20210612
974,0,0,0,0,0,0,0,20201119,20210612
975,0,0,0,0,0,0,0,20201119,20210612
976,1,1,1,1,1,1,1,20201119,20210612
977,0,0,0,0,0,0,0,20201119,20210612
978,1,1,1,1,1,1,1,20201119,20210612
979,0,0,0,0,0,0,0,20201119,20210612
980,1,1,1,1,1,0,0,20201119,20210612
981,0,0,0,0,0,0,0,20201119,20210612
982,1,1,1,1,0,0,0,20201119,20210612
983,1,1,1,0,0,0,0,20201119,20210612
984,0,0,0,0,0,0,0,20201119,20210612
985,1,1,1,1,1,0,0,20201119,20210612
986,0,0,0,0,0,1,1,20201119,20210612
987,0,0,0,0,0,0,0,20201119,20210612
988,0,0,0,0,0,0,0,20201119,20210612
989,0,0,0,0,0,0,0,20201119,20210612
990,0,0,0,0,0,0,0,20201119,20210612
991,0,0,0,0,0,0,0,20201119,20210612
992,0,0,0,0,0,0,0,20201119,20210612
993,0,0,0,0,0,0,0,20201119,20210612
994,0,0,0,0,0,0,0,20201119,20210612
995,0,0,0,0,0,0,0,20201119,20210612
996,0,0,0,0,0,0,0,20201119,20210612
997,0,0,0,0,0,0,0,20201119,20210612
998,0,0,0,0,0,0,0,20201119,20210612
999,0,0,0,0,0,0,0,20201119,20210612
1000,0,0,0,0,0,0,0,20201119,20210612
1001,0,0,0,0,0,0,0,20201119,20210612
1002,0,0,0,0,0,0,0,20201119,20210612
1003,0,0,0,0,0,0,0,20201119,20210612
1004,0,0,0,0,0,0,0,20201119,20210612
1005,0,0,0,0,0,0,0,20201119,20210612
1006,0,0,0,0,0,0,0,20201119,20210612
1007,1,1,1,1,1,1,1,20201119,20210612
1008,0,0,0,0,0,0,0,20201119,20210612
1009,1,1,1,1,1,1,1,20201119,20210612
1010,0,0,0,0,0,1,1,20201119,20210612
1011,1,1,1,1,0,0,0,20201119,20210612
1012,1,1,1,1,1,0,0,20201119,20210612
1013,0,0,0,0,0,0,0,20201119,20210612
1014,0,0,0,0,0,0,0,20201119,20210612
1015,1,1,1,1,1,1,1,20201119,20210612
1016,0,0,0,0,0,0,0,20201119,20210612
1017,1,1,1,1,1,0,0,20201119,20210612
1018,0,0,0,0,0,0,0,20201119,20210612
1019,0,0,0,0,0,0,0,20201119,20210612
1020,1,1,1,1,1,1,0,20201119,20210612
1021,0,0,0,0,0,0,1,20201119,20210612
1022,1,1,1,1,1,0,0,20201119,20210612
1023,0,0,0,0,0,0,0,20201119,20210612
1024,1,1,1,1,1,1,1,20201119,20210612
1025,1,1,1,1,1,1,1,20201119,20210612
1026,1,1,1,1,1,1,1,20201119,20210612
1027,0,0,0,0,0,0,0,20201119,20210612
1028,0,0,0,0,0,0,0,20201119,20210612
1029,0,0,0,0,0,0,0,20201119,20210612
1030,0,0,0,0,0,0,0,20201119,20210612
1031,1,1,1,1,0,0,0,20201119,20210612
1032,0,0,0,0,0,0,0,20201119,20210612
1033,0,0,0,0,0,0,0,20201119,20210612
1034,0,0,0,0,0,0,0,20201119,20210612
1035,0,0,0,0,0,0,0,20201119,20210612
1036,0,0,0,0,0,1,1,20201119,20210612
1037,0,0,0,0,0,0,0,20201119,20210612
1038,0,0,0,0,0,0,1,20201119,20210612
1039,0,0,0,0,0,0,0,20201119,20210612
1040,0,0,0,0,1,0,0,20201119,20210612
1041,0,0,0,0,0,0,0,20201119,20210612
1042,1,1,1,1,1,1,1,20201119,20210612
1043,0,0,0,0,0,0,0,20201119,20210612
1044,1,1,1,1,1,0,0,20201119,20210612
1045,0,0,0,0,0,1,1,20201119,20210612
1046,0,0,0,0,0,0,0,20201119,20210612
1047,0,0,0,0,0,0,1,20201119,20210612
1048,0,0,0,0,0,1,0,20201119,20210612
1049,0,0,0,0,0,1,1,20201119,20210612
1050,1,0,0,0,0,0,0,20201119,20210612
1051,0,0,0,0,0,0,0,20201119,20210612
1052,0,0,0,0,0,0,0,20201119,20210612
1053,0,0,0,0,0,0,0,20201119,20210612
1054,0,0,0,0,0,0,0,20201119,20210612
1055,0,0,0,0,0,0,0,20201119,20210612
1056,0,0,0,0,0,0,0,20201119,20210612
1057,0,0,0,0,0,0,0,20201119,20210612
1058,0,0,0,0,0,0,0,20201119,20210612
1059,1,1,1,1,1,0,0,20201119,20210612
1060,1,1,1,1,1,1,1,20201119,20210612
1061,0,0,0,0,0,0,0,20201119,20210612
1062,0,0,0,0,0,0,0,20201119,20210612
1063,1,1,1,1,1,1,0,20201119,20210612
1064,0,0,0,0,0,0,0,20201119,20210612
1065,1,1,1,1,1,0,1,20201119,20210612
1066,1,1,1,1,1,1,1,20201119,20210612
1067,1,1,1,1,1,1,0,20201119,20210612
1068,1,1,1,1,1,0,0,20201119,20210612
1069,0,0,0,0,0,0,0,20201119,20210612
1070,0,0,0,0,0,0,0,20201119,20210612
1071,0,0,0,0,0,0,0,20201119,20210612
1072,0,0,0,0,0,0,0,20201119,20210612
1073,0,0,0,0,0,0,0,20201119,20210612
1074,0,0,0,0,0,0,0,20201119,20210612
1075,0,0,0,0,0,0,0,20201119,20210612
1076,0,0,0,0,0,0,0,20201119,20210612
1077,0,0,0,0,0,0,0,20201119,20210612
1078,0,0,0,0,0,0,0,20201119,20210612
1079,0,0,0,0,0,0,0,20201119,20210612
1080,0,0,0,0,0,0,0,20201119,20210612
1081,1,1,1,1,1,1,1,20201119,20210612
1082,0,0,0,0,0,0,0,20201119,20210612
1083,0,0,0,0,0,1,1,20201119,20210612
1084,1,1,1,1,0,0,0,20201119,20210612
1085,0,0,0,0,0,0,0,20201119,20210612
1086,0,0,0,0,0,0,0,20201119,20210612
1087,0,0,0,0,0,0,0,20201119,20210612
1088,0,0,0,0,0,0,0,20201119,20210612
1089,1,1,1,1,1,1,1,20201119,20210612
1090,0,0,0,0,0,0,0,20201119,20210612
1091,1,1,1,1,1,1,1,20201119,20210612
1092,0,0,0,0,0,0,0,20201119,20210612
1093,0,0,0,0,0,1,0,20201119,20210612
1094,0,0,0,0,0,0,0,20201119,20210612
1095,0,0,0,0,0,0,0,20201119,20210612
1096,0,0,0,0,0,0,0,20201119,20210612
1097,1,1,1,1,1,0,0,20201119,20210612
1098,1,1,1,1,1,0,0,20201119,20210612
1099,1,1,1,1,1,1,1,20201119,20210612
1100,0,0,0,0,0,1,1,20201119,20210612
1101,1,1,1,1,1,1,1,20201119,20210612
1102,0,0,0,0,0,0,0,20201119,20210612
1103,1,1,1,1,1,1,1,20201119,20210612
1104,0,0,0,0,0,0,0,20201119,20210612
1105,0,0,0,0,0,0,0,20201119,20210612
1106,1,1,1,1,0,0,1,20201119,20210612
1107,1,1,1,1,1,1,1,20201119,20210612
1108,0,0,0,0,0,0,1,20201119,20210612
1109,0,0,0,0,0,1,0,20201119,20210612
1110,0,0,0,0,0,0,0,20201119,20210612
1111,1,1,1,1,1,0,0,20201119,20210612
1112,1,1,1,1,1,1,0,20201119,20210612
1113,1,1,1,1,1,0,1,20201119,20210612
1114,0,0,0,0,1,1,0,20201119,20210612
1115,0,0,0,0,0,0,0,20201119,20210612
1116,0,0,0,0,0,0,0,20201119,20210612
1117,0,0,0,0,0,1,1,20201119,20210612
1118,0,0,0,0,0,0,0,20201119,20210612
1119,0,0,0,0,0,0,0,20201119,20210612
1120,0,0,0,0,0,0,0,20201119,20210612
1121,1,1,1,1,1,1,1,20201119,20210612
1122,0,0,0,0,0,0,0,20201119,20210612
1123,0,0,0,0,0,0,0,20201119,20210612
1124,0,0,0,0,0,0,0,20201119,20210612
1125,0,0,0,0,0,0,0,20201119,20210612
1126,1,1,1,1,1,1,1,20201119,20210612
1127,1,1,1,1,0,0,1,20201119,20210612
1128,0,0,0,0,0,0,0,20201119,20210612
1129,0,0,0,0,0,0,0,20201119,20210612
1130,0,0,0,0,0,1,1,20201119,20210612
1131,1,1,1,1,1,1,1,20201119,20210612
1132,0,0,0,0,0,1,1,20201119,20210612
1133,0,0,0,0,0,1,1,20201119,20210612
1134,0,0,0,0,0,0,0,20201119,20210612
1135,0,0,0,0,0,0,0,20201119,20210612
1136,0,0,0,0,0,0,0,20201119,20210612
1137,0,0,0,0,1,1,1,20201119,20210612
1138,1,1,1,1,0,0,0,20201119,20210612
1139,0,0,0,0,0,0,1,20201119,20210612
1140,0,1,1,1,1,0,0,20201119,20210612
1141,1,0,0,0,0,0,0,20201119,20210612
1142,1,1,1,1,1,1,1,20201119,20210612
1143,1,1,1,1,1,0,1,20201119,20210612
1144,1,1,1,1,0,0,0,20201119,20210612
1145,0,0,0,0,0,0,0,20201119,20210612
1146,0,0,0,0,0,0,0,20201119,20210612
1147,0,0,0,0,0,0,0,20201119,20210612
1148,0,0,0,0,0,0,0,20201119,20210612
1149,0,0,0,0,0,0,1,20201119,20210612
1150,0,0,0,0,0,0,0,20201119,20210612
1151,1,1,1,1,0,0,0,20201119,20210612
1152,0,0,0,0,0,0,0,20201119,20210612
1153,0,0,0,0,0,0,0,20201119,20210612
1154,1,1,1,1,1,1,0,20201119,20210612
1155,0,0,0,0,0,0,0,20201119,20210612
1156,0,0,0,0,1,1,0,20201119,20210612
1157,0,0,0,0,0,0,0,20201119,20210612
1158,0,0,0,0,0,0,0,20201119,20210612
1159,0,0,0,0,0,0,0,20201119,20210612
1160,0,0,0,0,0,0,0,20201119,20210612
1161,1,1,1,1,1,1,1,20201119,20210612
1162,1,1,1,1,1,1,1,20201119,20210612
1163,0,0,0,0,0,0,0,20201119,20210612
1164,0,0,0,0,0,0,0,20201119,20210612
1165,0,0,0,0,0,0,0,20201119,20210612
1166,0,0,0,0,0,0,0,20201119,20210612
1167,1,1,1,1,0,0,0,20201119,20210612
1168,0,0,0,0,0,0,0,20201119,20210612
1169,1,1,1,1,1,1,1,20201119,20210612
1170,0,0,0,0,0,0,0,20201119,20210612
1171,0,0,0,0,0,0,0,20201119,20210612
1172,0,0,0,0,0,0,0,20201119,20210612
1173,0,0,0,0,0,0,1,20201119,20210612
1174,1,1,1,1,1,0,0,20201119,20210612
1175,0,0,0,0,0,1,0,20201119,20210612
1176,0,0,0,0,0,0,0,20201119,20210612
1177,0,0,0,0,0,1,0,20201119,20210612
1178,0,0,0,0,0,0,1,20201119,20210612
1179,0,0,0,0,0,0,0,20201119,20210612
1180,0,0,0,0,0,1,1,20201119,20210612
1181,0,0,0,0,0,0,0,20201119,20210612
1182,0,0,0,0,0,0,0,20201119,20210612
1183,0,0,0,0,0,0,0,20201119,20210612
1184,1,1,1,1,1,1,0,20201119,20210612
1185,0,0,0,0,0,0,0,20201119,20210612
1186,1,1,1,1,1,0,0,20201119,20210612
1187,0,0,0,0,0,0,0,20201119,20210612
1188,0,0,0,0,0,0,0,20201119,20210612
1189,0,0,0,0,0,0,0,20201119,20210612
1190,0,0,0,0,0,0,0,20201119,20210612
1191,0,0,0,0,0,0,0,20201119,20210612
1192,0,0,0,0,0,0,0,20201119,20210612
1193,0,0,0,0,0,0,0,20201119,20210612
1194,0,0,0,0,1,0,0,20201119,20210612
1195,1,1,1,1,1,0,0,20201119,20210612
1196,1,1,1,1,0,0,0,20201119,20210612
1197,1,1,1,1,1,0,0,20201119,20210612
1198,1,1,1,1,1,1,1,20201119,20210612
1199,0,0,0,0,0,0,0,20201119,20210612
1200,0,0,0,0,0,1,1,20201119,20210612
1201,0,0,0,0,0,0,0,20201119,20210612
1202,0,0,0,0,0,1,1,20201119,20210612
1203,0,0,0,0,0,0,0,20201119,20210612
1204,0,0,0,0,0,0,0,20201119,20210612
1205,0,0,0,0,0,1,1,20201119,20210612
1206,1,1,1,1,1,1,1,20201119,20210612
1207,0,0,0,0,0,0,0,20201119,20210612
1208,0,0,0,0,0,0,0,20201119,20210612
1209,0,0,0,0,0,1,1,20201119,20210612
1210,0,0,0,0,0,0,0,20201119,20210612
1211,0,0,0,0,0,0,0,20201119,20210612
1212,0,0,0,0,0,0,0,20201119,20210612
1213,0,0,0,0,0,0,0,20201119,20210612
1214,0,0,0,0,0,0,1,20201119,20210612
1215,1,1,1,1,1,1,0,20201119,20210612
1216,0,0,0,0,0,0,0,20201119,20210612
1217,0,0,0,0,0,0,0,20201119,20210612
1218,0,0,0,0,0,0,0,20201119,20210612
1219,0,0,0,0,0,1,1,20201119,20210612
1220,1,1,1,1,1,1,1,20201119,20210612
1221,0,0,0,0,0,0,0,20201119,20210612
1222,1,1,1,1,1,1,1,20201119,20210612
1223,0,0,0,0,0,0,0,20201119,20210612
1224,0,0,0,0,0,0,0,20201119,20210612
1225,0,0,0,0,0,0,0,20201119,20210612
1226,1,1,1,1,1,1,1,20201119,20210612
1227,0,0,0,0,0,0,0,20201119,20210612
1228,0,0,0,0,0,0,0,20201119,20210612
1229,0,0,0,0,0,0,1,20201119,20210612
1230,0,0,0,0,0,0,0,20201119,20210612
1231,1,1,1,1,1,0,0,20201119,20210612
1232,0,1,1,0,0,0,0,20201119,20210612
1233,1,0,1,1,1,1,1,20201119,20210612
1234,0,0,0,0,0,0,0,20201119,20210612
1235,0,0,0,0,0,1,1,20201119,20210612
1236,1,1,1,1,1,1,1,20201119,20210612
1237,1,1,1,1,1,1,1,20201119,20210612
1238,0,0,0,0,0,0,0,20201119,20210612
1239,0,0,0,0,0,0,0,20201119,20210612
1240,0,1,1,1,1,1,1,20201119,20210612
1241,1,0,0,0,0,0,0,20201119,20210612
1242,0,0,0,0,0,0,0,20201119,20210612
1243,0,0,0,0,0,0,0,20201119,20210612
1244,1,1,1,1,1,0,0,20201119,20210612
1245,1,1,1,1,1,1,1,20201119,20210612
1246,0,0,0,0,0,0,0,20201119,20210612
1247,1,1,1,1,1,1,1,20201119,20210612
1248,0,0,0,0,0,0,0,20201119,20210612
1249,0,0,0,0,0,1,1,20201119,20210612
1250,0,0,0,0,0,1,1,20201119,20210612
1251,0,0,0,0,0,0,0,20201119,20210612
1252,0,0,0,0,0,1,1,20201119,20210612
1253,0,0,0,0,0,1,0,20201119,20210612
1254,0,0,0,0,0,1,1,20201119,20210612
1255,0,0,0,0,0,0,0,20201119,20210612
1256,0,0,0,0,0,0,0,20201119,20210612
1257,0,0,0,0,0,0,0,20201119,20210612
1258,1,1,1,1,1,0,0,20201119,20210612
1259,0,1,1,0,0,0,0,20201119,20210612
1260,1,1,1,1,1,0,0,20201119,20210612
1261,0,0,0,0,0,1,1,20201119,20210612
1262,0,0,0,0,0,1,1,20201119,20210612
1263,1,1,1,1,1,1,1,20201119,20210612
1264,0,1,1,0,0,0,0,20201119,20210612
1265,0,0,0,0,0,0,0,20201119,20210612
1266,0,0,0,0,0,0,0,20201119,20210612
1267,0,0,0,0,0,0,0,20201119,20210612
1268,0,0,0,0,0,0,0,20201119,20210612
1269,0,0,0,0,0,0,0,20201119,20210612
1270,0,0,0,0,0,0,0,20201119,20210612
1271,0,0,0,0,0,0,0,20201119,20210612
1272,0,0,0,0,0,0,0,20201119,20210612
1273,1,1,1,1,1,1,1,20201119,20210612
1274,1,1,1,1,1,1,1,20201119,20210612
1275,0,0,0,0,0,0,0,20201119,20210612
1276,0,0,0,0,0,0,0,20201119,20210612
1277,0,0,0,0,0,0,0,20201119,20210612
1278,0,0,0,0,0,0,0,20201119,20210612
1279,0,0,0,0,0,0,0,20201119,20210612
1280,0,0,0,0,0,0,0,20201119,20210612
1281,0,0,0,0,0,0,0,20201119,20210612
1282,0,0,0,0,0,1,1,20201119,20210612
1283,0,0,0,0,1,0,0,20201119,20210612
1284,0,0,0,0,0,0,0,20201119,20210612
1285,0,0,0,0,1,0,0,20201119,20210612
1286,0,0,0,0,0,1,1,20201119,20210612
1287,1,1,1,1,1,0,0,20201119,20210612
1288,1,1,1,1,1,1,1,20201119,20210612
1289,1,1,1,1,1,1,1,20201119,20210612
1290,0,0,0,0,0,0,0,20201119,20210612
1291,0,0,0,0,0,0,0,20201119,20210612
1292,1,1,1,1,0,1,1,20201119,20210612
1293,0,0,0,0,0,0,0,20201119,20210612
1294,0,0,0,0,0,0,0,20201119,20210612
1295,1,1,1,1,0,1,1,20201119,20210612
1296,0,0,0,0,0,0,0,20201119,20210612
1297,0,0,0,0,0,1,0,20201119,20210612
1298,0,0,0,0,0,0,0,20201119,20210612
1299,0,0,0,0,0,0,0,20201119,20210612
1300,0,0,0,0,0,1,1,20201119,20210612
1301,1,1,1,1,1,1,0,20201119,20210612
1302,0,0,0,0,1,0,0,20201119,20210612
1303,1,1,1,1,1,0,0,20201119,20210612
1304,0,0,0,0,0,0,0,20201119,20210612
1305,1,1,1,1,0,0,0,20201119,20210612
1306,0,0,0,0,1,1,0,20201119,20210612
1307,0,0,0,0,0,0,0,20201119,20210612
1308,0,0,0,0,0,0,0,20201119,20210612
1309,0,0,0,0,0,0,0,20201119,20210612
1310,0,0,0,0,0,0,0,20201119,20210612
1311,0,0,0,0,0,0,0,20201119,20210612
1312,0,0,0,0,0,1,1,20201119,20210612
1313,1,1,1,1,1,1,1,20201119,20210612
1314,0,0,0,0,1,1,0,20201119,20210612
1315,0,0,0,0,1,1,1,20201119,20210612
1316,0,0,0,0,0,0,0,20201119,20210612
1317,0,0,0,0,0,0,0,20201119,20210612
1318,1,1,1,1,1,0,0,20201119,20210612
1319,0,0,0,0,0,0,0,20201119,20210612
1320,0,0,0,0,0,0,0,20201119,20210612
1321,0,0,0,0,1,0,0,20201119,20210612
1322,1,1,1,1,1,1,1,20201119,20210612
1323,0,0,0,0,1,1,0,20201119,20210612
1324,1,1,1,1,1,0,0,20201119,20210612
1325,1,1,1,1,1,0,0,20201119,20210612
1326,0,0,0,0,0,0,0,20201119,20210612
1327,1,1,1,1,1,1,1,20201119,20210612
1328,1,1,1,1,0,0,0,20201119,20210612
1329,1,1,1,1,0,0,1,20201119,20210612
1330,0,0,0,0,0,1,0,20201119,20210612
1331,0,0,0,0,0,1,0,20201119,20210612
1332,0,0,0,0,0,1,0,20201119,20210612
1333,0,0,0,0,0,1,1,20201119,20210612
1334,1,1,1,1,1,1,0,20201119,20210612
1335,1,1,1,1,1,1,1,20201119,20210612
1336,1,1,1,1,1,1,1,20201119,20210612
1337,1,1,1,1,1,0,0,20201119,20210612
1338,0,0,0,0,0,1,1,20201119,20210612
1339,0,0,0,0,0,0,1,20201119,20210612
1340,1,1,1,1,1,0,0,20201119,20210612
1341,1,1,1,1,1,1,1,20201119,20210612
1342,1,1,1,1,1,0,1,20201119,20210612
1343,0,0,0,0,0,0,0,20201119,20210612
1344,0,0,0,0,0,0,1,20201119,20210612
1345,1,1,1,1,1,0,0,20201119,20210612
1346,0,0,0,0,0,1,1,20201119,20210612
1347,0,0,0,0,0,0,1,20201119,20210612
1348,1,1,1,1,1,0,1,20201119,20210612
1349,0,0,0,0,0,0,1,20201119,20210612
1350,1,0,0,0,0,1,1,20201119,20210612
1351,0,0,0,0,0,0,0,20201119,20210612
1352,0,1,1,1,1,0,0,20201119,20210612
1353,1,1,1,1,1,1,1,20201119,20210612
1354,0,0,0,0,0,0,0,20201119,20210612
1355,1,1,1,1,1,0,0,20201119,20210612
1356,0,0,0,0,0,0,0,20201119,20210612
1357,1,1,1,1,1,0,0,20201119,20210612
1358,1,1,1,1,1,1,1,20201119,20210612
1359,0,0,0,0,0,1,0,20201119,20210612
1360,0,0,0,0,0,1,0,20201119,20210612
1361,0,0,0,0,0,0,1,20201119,20210612
1362,1,1,1,1,1,0,0,20201119,20210612
1363,0,0,0,0,0,1,1,20201119,20210612
1364,0,0,0,0,0,1,0,20201119,20210612
1365,1,1,1,1,1,0,0,20201119,20210612
1366,1,1,1,1,1,1,0,20201119,20210612
1367,1,1,1,1,0,1,0,20201119,20210612
1368,0,0,0,0,0,0,1,20201119,20210612
1369,0,0,0,0,1,0,1,20201119,20210612
1370,0,0,0,0,0,1,0,20201119,20210612
1371,0,0,0,0,0,0,0,20201119,20210612
1372,0,0,0,0,0,0,1,20201119,20210612
1373,0,0,0,0,0,0,0,20201119,20210612
1374,0,0,0,0,0,0,1,20201119,20210612
1375,0,0,0,0,0,0,0,20201119,20210612
1376,0,0,0,0,0,0,0,20201119,20210612
1377,0,0,0,0,0,0,0,20201119,20210612
1378,0,0,0,0,0,0,0,20201119,20210612
1379,0,0,0,0,0,0,0,20201119,20210612
1380,0,0,0,0,0,0,0,20201119,20210612
1381,0,0,0,0,0,0,0,20201119,20210612
1382,0,0,0,0,0,0,0,20201119,20210612
1383,0,0,0,0,0,0,0,20201119,20210612
1384,0,0,0,0,0,0,0,20201119,20210612
1385,0,0,0,0,0,0,0,20201119,20210612
1386,1,1,1,1,1,0,0,20201119,20210612
1387,0,1,0,1,1,0,0,20201119,20210612
1388,0,0,0,0,0,0,0,20201119,20210612
1389,0,0,0,0,0,0,0,20201119,20210612
1390,1,1,1,1,1,0,0,20201119,20210612
1391,0,0,0,0,0,0,0,20201119,20210612
1392,0,1,0,1,0,0,0,20201119,20210612
1393,1,1,1,1,1,0,0,20201119,20210612
1394,1,1,1,1,1,1,1,20201119,20210612
1395,0,0,0,0,0,0,0,20201119,20210612
1396,0,0,0,0,0,0,0,20201119,20210612
1397,1,1,1,1,1,0,0,20201119,20210612
1398,0,0,0,0,0,0,0,20201119,20210612
1399,1,1,1,1,1,0,0,20201119,20210612
1400,1,1,1,1,1,0,0,20201119,20210612
1401,0,0,0,0,0,0,0,20201119,20210612
1402,0,0,0,0,0,0,0,20201119,20210612
1403,0,0,0,0,0,0,0,20201119,20210612
1404,0,0,0,0,0,0,0,20201119,20210612
1405,0,0,0,0,0,0,0,20201119,20210612
1406,0,0,0,0,0,0,0,20201119,20210612
1407,0,0,0,0,0,0,0,20201119,20210612
1408,1,1,1,1,1,1,0,20201119,20210612
1409,0,0,0,0,0,0,0,20201119,20210612
1410,0,0,0,0,0,0,0,20201119,20210612
1411,0,0,0,0,0,0,0,20201119,20210612
1412,1,1,1,1,1,0,0,20201119,20210612
1413,0,0,0,0,0,0,0,20201119,20210612
1414,0,0,0,0,0,0,0,20201119,20210612
1415,0,0,0,0,0,0,0,20201119,20210612
1416,0,0,0,0,0,0,0,20201119,20210612
1417,1,1,1,1,1,1,1,20201119,20210612
1418,1,1,1,1,1,0,1,20201119,20210612
1419,0,0,0,0,0,0,0,20201119,20210612
1420,0,0,0,0,0,0,0,20201119,20210612
1421,0,0,0,0,0,0,0,20201119,20210612
1422,0,0,0,0,0,0,0,20201119,20210612
1423,0,0,0,0,0,0,0,20201119,20210612
1424,0,0,0,0,0,0,0,20201119,20210612
1425,0,0,0,0,0,0,0,20201119,20210612
1426,0,0,0,0,0,0,0,20201119,20210612
1427,0,0,0,0,0,0,0,20201119,20210612
1428,0,0,0,0,0,0,0,20201119,20210612
1429,1,1,1,1,1,1,0,20201119,20210612
1430,0,0,0,0,0,0,1,20201119,20210612
1431,0,0,0,0,0,0,0,20201119,20210612
1432,0,0,0,0,0,0,0,20201119,20210612
1433,0,0,0,0,0,0,0,20201119,20210612
1434,0,0,0,0,0,0,0,20201119,20210612
1435,0,0,0,0,0,0,0,20201119,20210612
1436,0,0,0,0,0,0,0,20201119,20210612
1437,0,0,0,0,0,0,0,20201119,20210612
1438,0,0,0,0,0,0,0,20201119,20210612
1439,0,0,0,0,0,0,0,20201119,20210612
1440,0,0,0,0,0,0,0,20201119,20210612
1441,0,0,0,0,1,0,0,20201119,20210612
1442,0,0,0,0,0,0,0,20201119,20210612
1443,0,0,0,0,0,0,0,20201119,20210612
1444,0,0,0,0,0,0,0,20201119,20210612
1445,0,0,0,0,0,0,0,20201119,20210612
1446,0,0,0,0,0,0,0,20201119,20210612
1447,0,0,0,0,0,0,0,20201119,20210612
1448,0,0,0,0,0,0,0,20201119,20210612
1449,0,0,0,0,0,0,0,20201119,20210612
1450,0,0,0,0,0,0,0,20201119,20210612
1451,0,0,0,0,0,0,0,20201119,20210612
1452,0,0,0,0,0,0,0,20201119,20210612
1453,1,1,1,1,1,1,1,20201119,20210612
1454,0,0,0,0,0,0,0,20201119,20210612
1455,0,0,0,0,0,0,0,20201119,20210612
1456,0,0,0,0,0,0,0,20201119,20210612
1457,1,1,1,1,1,1,1,20201119,20210612
1458,1,1,1,1,1,0,0,20201119,20210612
1459,0,0,0,0,0,0,0,20201119,20210612
1460,1,1,1,1,1,0,0,20201119,20210612
1461,0,0,0,0,0,0,0,20201119,20210612
1462,1,1,1,1,1,0,0,20201119,20210612
1463,1,1,1,1,1,1,1,20201119,20210612
1464,0,0,0,0,0,0,0,20201119,20210612
1465,1,1,1,1,1,1,1,20201119,20210612
1466,1,1,1,1,1,0,0,20201119,20210612
1467,0,0,0,0,0,0,0,20201119,20210612
1468,0,0,0,0,0,1,1,20201119,20210612
1469,1,1,1,1,1,1,1,20201119,20210612
1470,0,0,0,0,0,0,0,20201119,20210612
1471,0,0,0,0,0,0,0,20201119,20210612
1472,0,0,0,0,0,0,0,20201119,20210612
1473,0,0,0,0,0,0,0,20201119,20210612
1474,1,1,1,1,1,0,0,20201119,20210612
1475,1,1,1,1,1,1,0,20201119,20210612
1476,1,1,1,1,1,0,0,20201119,20210612
1477,1,1,1,1,1,0,0,20201119,20210612
1478,0,0,0,0,0,1,0,20201119,20210612
1479,0,0,0,0,0,1,1,20201119,20210612
1480,0,0,0,0,0,1,0,20201119,20210612
1481,0,0,0,0,0,0,1,20201119,20210612
1482,1,1,1,1,1,0,0,20201119,20210612
1483,1,1,1,1,1,0,0,20201119,20210612
1484,0,0,0,0,0,0,0,20201119,20210612
1485,0,0,0,0,0,0,0,20201119,20210612
1486,0,0,0,0,0,0,0,20201119,20210612
1487,0,0,0,0,0,0,0,20201119,20210612
1488,1,1,1,1,1,0,0,20201119,20210612
1489,1,1,1,1,1,1,1,20201119,20210612
1490,1,1,1,1,1,1,1,20201119,20210612
1491,1,1,1,1,1,1,1,20201119,20210612
1492,1,1,1,1,1,1,1,20201119,20210612
1493,1,1,1,1,1,1,1,20201119,20210612
1494,1,1,1,1,1,1,1,20201119,20210612
1495,0,0,0,0,0,0,0,20201119,20210612
1496,0,0,0,0,0,0,0,20201119,20210612
1497,1,1,1,1,1,0,0,20201119,20210612
1498,0,0,0,0,0,1,1,20201119,20210612
1499,0,0,0,0,0,1,1,20201119,20210612
1500,0,0,0,0,0,1,1,20201119,20210612
1501,0,0,0,0,0,0,1,20201119,20210612
1502,1,1,1,1,1,0,1,20201119,20210612
1503,1,1,1,1,0,0,0,20201119,20210612
1504,0,0,0,0,0,0,0,20201119,20210612
1505,0,0,0,0,0,0,0,20201119,20210612
1506,0,0,0,0,0,0,0,20201119,20210612
1507,0,0,0,0,0,0,0,20201119,20210612
1508,1,1,1,1,1,1,1,20201119,20210612
1509,1,1,1,1,1,1,1,20201119,20210612
1510,1,1,1,1,1,1,1,20201119,20210612
1511,0,0,0,0,0,0,0,20201119,20210612
1512,0,0,0,0,0,0,0,20201119,20210612
1513,0,0,0,0,0,0,0,20201119,20210612
1514,0,0,0,0,0,1,1,20201119,20210612
1515,1,1,1,1,1,1,1,20201119,20210612
1516,0,0,0,0,0,0,0,20201119,20210612
1517,1,1,1,1,1,1,0,20201119,20210612
1518,1,1,1,1,1,0,1,20201119,20210612
1519,1,1,1,1,1,1,0,20201119,20210612
1520,1,1,1,1,1,0,0,20201119,20210612
1521,1,1,1,1,1,0,0,20201119,20210612
1522,0,0,0,0,0,0,0,20201119,20210612
1523,0,0,0,0,0,1,1,20201119,20210612
1524,0,1,0,1,1,0,0,20201119,20210612
1525,0,0,0,0,0,1,0,20201119,20210612
1526,0,0,0,0,0,0,0,20201119,20210612
1527,0,0,0,0,0,0,0,20201119,20210612
1528,0,0,0,0,0,1,0,20201119,20210612
1529,1,1,1,1,1,1,1,20201119,20210612
1530,0,0,0,0,1,0,0,20201119,20210612
1531,0,1,1,1,0,0,0,20201119,20210612
1532,1,0,0,0,1,0,0,20201119,20210612
1533,1,0,1,1,1,0,0,20201119,20210612
1534,0,1,0,0,0,0,0,20201119,20210612
1535,1,0,0,0,1,0,0,20201119,20210612
1536,0,1,1,1,0,0,0,20201119,20210612
1537,1,1,1,1,1,1,1,20201119,20210612
1538,0,0,0,0,0,1,1,20201119,20210612
1539,0,0,0,0,0,0,0,20201119,20210612
1540,0,0,0,0,0,0,0,20201119,20210612
1541,0,0,0,0,0,0,0,20201119,20210612
1542,1,1,1,1,1,0,0,20201119,20210612
1543,0,0,0,0,0,1,0,20201119,20210612
1544,0,0,0,0,0,0,1,20201119,20210612
1545,0,0,0,0,0,0,0,20201119,20210612
1546,0,0,0,0,0,0,0,20201119,20210612
1547,0,0,0,0,0,0,0,20201119,20210612
1548,0,0,0,0,0,0,0,20201119,20210612
1549,0,0,0,0,0,0,0,20201119,20210612
1550,1,1,1,1,1,1,0,20201119,20210612
1551,1,1,1,1,1,1,1,20201119,20210612
1552,0,0,0,0,0,0,0,20201119,20210612
1553,0,0,0,0,0,0,0,20201119,20210612
1554,0,0,0,0,0,0,0,20201119,20210612
1555,1,1,1,1,1,0,1,20201119,20210612
1556,0,0,0,0,0,0,0,20201119,20210612
1557,0,0,0,0,0,0,0,20201119,20210612
1558,1,1,1,1,1,1,0,20201119,20210612
1559,1,1,1,1,0,0,1,20201119,20210612
1560,0,0,0,0,0,0,0,20201119,20210612
1561,0,0,0,0,0,0,0,20201119,20210612
1562,0,0,0,0,0,0,0,20201119,20210612
1563,0,0,0,0,0,0,0,20201119,20210612
1564,0,0,0,0,0,0,0,20201119,20210612
1565,0,0,0,0,0,0,0,20201119,20210612
1566,0,0,0,0,0,0,0,20201119,20210612
1567,0,0,0,0,0,0,0,20201119,20210612
1568,0,0,0,0,0,1,0,20201119,20210612
1569,0,0,0,0,0,0,0,20201119,20210612
1570,0,0,0,0,0,0,0,20201119,20210612
1571,0,0,0,0,0,0,0,20201119,20210612
1572,0,0,0,0,0,0,0,20201119,20210612
1573,0,0,0,0,0,0,0,20201119,20210612
1574,0,0,0,0,0,0,0,20201119,20210612
1575,0,0,0,0,0,0,0,20201119,20210612
1576,0,0,0,0,0,0,0,20201119,20210612
1577,1,1,1,1,1,0,1,20201119,20210612
1578,0,0,0,0,1,1,0,20201119,20210612
1579,1,1,1,1,1,0,0,20201119,20210612
1580,0,0,0,0,0,0,0,20201119,20210612
1581,0,0,0,0,0,0,0,20201119,20210612
1582,0,0,0,0,0,1,0,20201119,20210612
1583,1,1,1,1,1,1,0,20201119,20210612
1584,0,0,0,0,0,0,0,20201119,20210612
1585,0,0,0,0,1,0,0,20201119,20210612
1586,1,1,1,1,0,0,0,20201119,20210612
1587,1,1,1,1,1,1,0,20201119,20210612
1588,0,0,0,0,0,0,1,20201119,20210612
1589,1,1,1,1,1,1,1,20201119,20210612
1590,1,1,1,1,0,0,1,20201119,20210612
1591,0,0,0,0,0,0,0,20201119,20210612
1592,1,1,1,1,1,0,0,20201119,20210612
1593,1,1,1,1,0,0,0,20201119,20210612
1594,1,1,1,1,0,0,1,20201119,20210612
1595,0,0,0,0,0,1,1,20201119,20210612
1596,0,0,0,0,0,1,0,20201119,20210612
1597,1,1,1,1,1,0,1,20201119,20210612
1598,0,0,0,0,0,1,1,20201119,20210612
1599,1,1,1,1,1,0,0,20201119,20210612
1600,0,0,0,0,0,1,0,20201119,20210612
1601,1,1,1,1,1,1,0,20201119,20210612
1602,1,1,1,1,1,1,1,20201119,20210612
1603,1,1,1,1,1,0,1,20201119,20210612
1604,0,0,0,0,1,1,0,20201119,20210612
1605,0,0,0,0,0,0,0,20201119,20210612
1606,0,0,0,0,0,0,0,20201119,20210612
1607,0,0,0,0,0,0,0,20201119,20210612
1608,1,1,1,1,0,0,1,20201119,20210612
1609,0,0,0,0,0,0,0,20201119,20210612
1610,0,0,0,0,0,0,0,20201119,20210612
1611,0,0,0,0,0,0,0,20201119,20210612
1612,0,0,0,0,0,0,0,20201119,20210612
1613,0,0,0,0,0,0,0,20201119,20210612
1614,0,0,0,0,0,0,0,20201119,20210612
1615,0,0,0,0,0,0,0,20201119,20210612
1616,0,0,0,0,0,0,0,20201119,20210612
1617,0,0,0,0,0,0,0,20201119,20210612
1618,0,0,0,0,0,0,0,20201119,20210612
1619,0,0,0,0,0,0,0,20201119,20210612
1620,0,0,0,0,0,0,0,20201119,20210612
1621,0,0,0,0,0,0,0,20201119,20210612
1622,0,0,0,0,0,0,0,20201119,20210612
1623,0,0,0,0,0,0,0,20201119,20210612
1624,0,0,0,0,0,0,1,20201119,20210612
1625,1,1,1,1,0,1,1,20201119,20210612
1626,0,0,0,0,0,0,0,20201119,20210612
1627,0,0,0,0,0,0,0,20201119,20210612
1628,0,0,0,0,0,0,0,20201119,20210612
1629,0,0,0,0,0,0,0,20201119,20210612
1630,0,0,0,0,0,0,0,20201119,20210612
1631,0,0,0,0,0,0,0,20201119,20210612
1632,0,0,0,0,0,0,0,20201119,20210612
1633,0,0,0,0,0,0,0,20201119,20210612
1634,0,0,0,0,0,0,0,20201119,20210612
1635,1,1,1,1,0,0,0,20201119,20210612
1636,0,0,0,0,0,1,0,20201119,20210612
1637,0,0,0,0,0,1,1,20201119,20210612
1638,1,1,1,1,0,1,1,20201119,20210612
1639,0,0,0,0,1,1,1,20201119,20210612
1640,0,0,0,0,1,1,0,20201119,20210612
1641,0,0,0,0,0,0,0,20201119,20210612
1642,0,0,0,0,0,0,0,20201119,20210612
1643,0,0,0,0,0,0,0,20201119,20210612
1644,0,0,0,0,0,0,0,20201119,20210612
1645,0,0,0,0,0,0,0,20201119,20210612
1646,1,1,1,1,1,0,0,20201119,20210612
1647,1,1,1,1,0,0,1,20201119,20210612
1648,0,0,0,0,0,0,0,20201119,20210612
1649,1,1,1,1,1,1,0,20201119,20210612
1650,1,1,1,1,1,1,1,20201119,20210612
1651,0,0,0,0,0,0,0,20201119,20210612
1652,0,0,0,0,1,1,1,20201119,20210612
1653,0,0,0,0,0,0,0,20201119,20210612
1654,0,0,0,0,0,0,0,20201119,20210612
1655,1,1,1,1,0,0,0,20201119,20210612
1656,1,1,1,1,1,0,0,20201119,20210612
1657,0,0,0,0,1,0,0,20201119,20210612
1658,0,0,0,0,0,0,1,20201119,20210612
1659,1,1,1,1,0,0,0,20201119,20210612
1660,0,0,0,0,0,0,0,20201119,20210612
1661,0,0,0,0,0,1,0,20201119,20210612
1662,0,0,0,0,0,0,0,20201119,20210612
1663,1,1,1,1,1,0,0,20201119,20210612
1664,0,0,0,0,0,1,1,20201119,20210612
1665,1,1,1,1,1,1,0,20201119,20210612
1666,1,1,1,1,1,1,1,20201119,20210612
1667,0,0,0,0,0,0,0,20201119,20210612
1668,1,1,1,1,1,1,1,20201119,20210612
1669,1,1,1,1,0,1,1,20201119,20210612
1670,0,0,0,0,1,0,0,20201119,20210612
1671,1,1,1,1,1,1,1,20201119,20210612
1672,0,0,0,0,0,1,1,20201119,20210612
1673,1,1,1,1,1,0,0,20201119,20210612
1674,0,0,0,0,0,1,1,20201119,20210612
1675,1,1,1,1,1,0,0,20201119,20210612
1676,1,1,1,1,1,1,1,20201119,20210612
1677,1,1,1,1,0,0,0,20201119,20210612
1678,0,0,0,0,1,1,1,20201119,20210612
1679,0,0,0,0,1,1,0,20201119,20210612
1680,0,0,0,0,1,1,0,20201119,20210612
1681,1,1,1,1,0,0,1,20201119,20210612
1682,0,0,0,0,0,0,0,20201119,20210612
1683,0,0,0,0,0,0,0,20201119,20210612
1684,1,1,1,1,1,1,0,20201119,20210612
1685,0,0,0,0,0,1,1,20201119,20210612
1686,1,1,1,1,1,1,1,20201119,20210612
1687,1,1,1,1,1,0,0,20201119,20210612
1688,1,1,1,1,1,0,0,20201119,20210612
1689,0,0,0,0,0,1,1,20201119,20210612
1690,1,1,1,1,1,1,1,20201119,20210612
1691,0,0,0,0,1,1,1,20201119,20210612
1692,1,1,1,1,1,1,0,20201119,20210612
1693,0,0,0,0,0,0,0,20201119,20210612
1694,0,0,0,0,0,0,1,20201119,20210612
1695,1,1,1,1,1,0,0,20201119,20210612
1696,0,0,0,0,0,0,0,20201119,20210612
1697,0,0,0,0,0,0,0,20201119,20210612
1698,1,1,1,1,1,1,1,20201119,20210612
1699,0,0,0,0,0,0,0,20201119,20210612
1700,0,0,0,0,0,0,0,20201119,20210612
1701,0,0,0,0,0,0,0,20201119,20210612
1702,0,0,0,0,0,0,0,20201119,20210612
1703,0,0,0,0,0,0,0,20201119,20210612
1704,0,0,0,0,0,0,0,20201119,20210612
1705,1,1,1,1,1,1,1,20201119,20210612
1706,0,0,0,0,0,1,1,20201119,20210612
1707,0,0,0,0,0,0,1,20201119,20210612
1708,0,0,0,0,0,0,0,20201119,20210612
1709,0,0,0,0,0,0,0,20201119,20210612
1710,0,0,0,0,0,0,0,20201119,20210612
1711,0,0,0,0,0,0,0,20201119,20210612
1712,0,0,0,0,0,0,0,20201119,20210612
1713,0,0,0,0,0,0,0,20201119,20210612
1714,0,0,0,0,0,0,0,20201119,20210612
1715,0,0,0,0,0,0,0,20201119,20210612
1716,0,0,0,0,0,0,0,20201119,20210612
1717,0,0,0,0,0,0,0,20201119,20210612
1718,0,0,0,0,0,0,0,20201119,20210612
1719,0,0,0,0,0,0,0,20201119,20210612
1720,0,0,0,0,0,0,0,20201119,20210612
1721,0,0,0,0,0,0,0,20201119,20210612
1722,0,0,0,0,0,0,0,20201119,20210612
1723,0,0,0,0,0,0,0,20201119,20210612
1724,0,0,0,0,0,0,0,20201119,20210612
1725,0,0,0,0,0,0,0,20201119,20210612
1726,1,1,1,1,1,0,0,20201119,20210612
1727,0,0,0,0,0,0,0,20201119,20210612
1728,0,0,0,0,0,0,0,20201119,20210612
1729,0,0,0,0,0,0,0,20201119,20210612
1730,0,0,0,0,0,0,0,20201119,20210612
1731,1,1,1,1,1,0,0,20201119,20210612
1732,0,0,0,0,0,0,0,20201119,20210612
1733,0,0,0,0,0,0,0,20201119,20210612
1734,0,0,0,0,0,0,0,20201119,20210612
1735,0,0,0,0,0,0,0,20201119,20210612
1736,0,0,0,0,0,0,0,20201119,20210612
1737,0,0,0,0,0,0,0,20201119,20210612
1738,0,0,0,0,0,0,0,20201119,20210612
1739,0,0,0,0,0,0,0,20201119,20210612
1740,0,0,0,0,0,0,0,20201119,20210612
1741,0,0,0,0,0,0,0,20201119,20210612
1742,1,1,1,1,0,1,0,20201119,20210612
1743,0,0,0,0,0,0,0,20201119,20210612
1744,0,0,0,0,0,0,0,20201119,20210612
1745,1,1,1,1,1,1,0,20201119,20210612
1746,0,0,0,0,0,0,0,20201119,20210612
1747,0,0,0,0,0,0,0,20201119,20210612
1748,0,0,0,0,0,0,0,20201119,20210612
1749,0,0,0,0,0,0,0,20201119,20210612
1750,0,0,0,0,0,0,1,20201119,20210612
1751,1,1,1,1,1,1,0,20201119,20210612
1752,0,0,0,0,0,0,0,20201119,20210612
1753,0,0,0,0,0,0,0,20201119,20210612
1754,0,0,0,0,0,0,0,20201119,20210612
1755,0,0,0,0,0,0,0,20201119,20210612
1756,0,0,0,0,0,0,0,20201119,20210612
1757,0,0,0,0,0,0,0,20201119,20210612
1758,0,0,0,0,0,0,0,20201119,20210612
1759,0,0,0,0,0,0,0,20201119,20210612
1760,0,0,0,0,0,0,0,20201119,20210612
1761,0,0,0,0,0,0,0,20201119,20210612
1762,0,0,0,0,0,0,0,20201119,20210612
1763,0,0,0,0,0,0,0,20201119,20210612
1764,0,0,0,0,0,1,1,20201119,20210612
1765,0,0,0,0,0,0,0,20201119,20210612
1766,0,0,0,0,0,0,0,20201119,20210612
1767,0,0,0,0,0,0,0,20201119,20210612
1768,0,0,0,0,0,0,0,20201119,20210612
1769,0,0,0,0,0,0,0,20201119,20210612
1770,0,0,0,0,0,0,0,20201119,20210612
1771,0,0,0,0,1,0,0,20201119,20210612
1772,0,0,0,0,0,0,0,20201119,20210612
1773,0,0,0,0,0,0,0,20201119,20210612
1774,0,0,0,0,0,0,0,20201119,20210612
1775,0,0,0,0,0,0,0,20201119,20210612
1776,0,0,0,0,0,0,0,20201119,20210612
1777,0,0,0,0,0,0,0,20201119,20210612
1778,1,1,1,1,1,0,1,20201119,20210612
1779,0,0,0,0,0,0,0,20201119,20210612
1780,0,0,0,0,0,1,0,20201119,20210612
1781,0,0,0,0,0,0,0,20201119,20210612
1782,0,0,0,0,0,0,0,20201119,20210612
1783,1,1,1,1,1,0,0,20201119,20210612
1784,0,0,0,0,0,0,0,20201119,20210612
1785,1,1,1,1,1,0,0,20201119,20210612
1786,1,1,1,1,0,1,1,20201119,20210612
1787,0,0,0,0,1,1,1,20201119,20210612
1788,1,1,1,1,1,1,0,20201119,20210612
1789,1,1,1,1,1,1,0,20201119,20210612
1790,0,0,0,0,0,0,0,20201119,20210612
1791,0,0,0,0,0,0,0,20201119,20210612
1792,0,0,0,0,0,0,0,20201119,20210612
1793,0,0,0,0,0,0,0,20201119,20210612
1794,0,0,0,0,0,0,0,20201119,20210612
1795,0,0,0,0,0,0,0,20201119,20210612
1796,1,1,1,1,0,0,0,20201119,20210612
1797,0,0,0,0,0,1,1,20201119,20210612
1798,1,1,1,1,1,0,0,20201119,20210612
1799,0,0,0,0,0,0,0,20201119,20210612
1800,0,0,0,0,0,0,0,20201119,20210612
1801,0,0,0,0,0,0,0,20201119,20210612
1802,0,0,0,0,0,0,0,20201119,20210612
1803,0,0,0,0,0,0,0,20201119,20210612
1804,0,0,0,0,0,0,0,20201119,20210612
1805,0,0,0,0,0,0,0,20201119,20210612
1806,0,0,0,0,0,0,0,20201119,20210612
1807,0,0,0,0,0,0,0,20201119,20210612
1808,0,0,0,0,0,0,0,20201119,20210612
1809,0,0,0,0,0,0,0,20201119,20210612
1810,1,1,1,1,0,0,0,20201119,20210612
1811,0,0,0,0,1,0,0,20201119,20210612
1812,0,0,0,0,0,0,0,20201119,20210612
1813,0,0,0,0,0,0,0,20201119,20210612
1814,1,1,0,1,0,0,0,20201119,20210612
1815,0,0,0,0,0,0,0,20201119,20210612
1816,0,1,1,1,1,0,0,20201119,20210612
1817,0,0,0,0,0,0,0,20201119,20210612
1818,0,0,0,0,0,0,0,20201119,20210612
1819,0,0,0,0,0,0,0,20201119,20210612
1820,0,0,0,0,0,0,0,20201119,20210612
1821,0,0,0,0,0,0,0,20201119,20210612
1822,0,0,0,0,0,0,0,20201119,20210612
1823,0,0,0,0,0,0,0,20201119,20210612
1824,0,0,0,0,0,0,0,20201119,20210612
1825,0,1,1,0,0,0,0,20201119,20210612
1826,1,1,1,1,0,0,0,20201119,20210612
1827,0,0,0,0,0,1,1,20201119,20210612
1828,1,1,1,1,1,1,1,20201119,20210612
1829,0,0,0,0,0,0,0,20201119,20210612
1830,0,0,0,0,0,1,1,20201119,20210612
1831,0,0,0,0,0,1,0,20201119,20210612
1832,1,1,1,1,1,0,0,20201119,20210612
1833,0,0,0,0,0,0,0,20201119,20210612
1834,0,0,0,0,0,0,0,20201119,20210612
1835,0,0,0,0,0,0,0,20201119,20210612
1836,0,0,0,0,0,0,0,20201119,20210612
1837,0,0,0,0,0,0,0,20201119,20210612
1838,0,0,0,0,0,0,0,20201119,20210612
1839,0,0,0,0,0,0,0,20201119,20210612
1840,0,0,0,0,0,0,0,20201119,20210612
1841,1,1,1,1,1,1,0,20201119,20210612
1842,0,0,0,0,0,0,0,20201119,20210612
1843,1,1,1,1,1,0,0,20201119,20210612
1844,1,1,1,1,1,0,0,20201119,20210612
1845,1,1,1,1,1,0,0,20201119,20210612
1846,0,0,0,0,0,1,1,20201119,20210612
1847,0,0,0,0,0,0,0,20201119,20210612
1848,0,0,0,0,0,0,0,20201119,20210612
1849,0,0,0,0,0,0,0,20201119,20210612
1850,0,0,0,0,0,0,0,20201119,20210612
1851,0,0,0,0,0,0,0,20201119,20210612
1852,0,0,0,0,0,0,0,20201119,20210612
1853,0,0,0,0,0,0,0,20201119,20210612
1854,0,0,0,0,0,0,0,20201119,20210612
1855,0,0,0,0,0,0,0,20201119,20210612
1856,0,0,0,0,0,0,0,20201119,20210612
1857,0,0,0,0,0,0,0,20201119,20210612
1858,0,0,0,0,0,0,0,20201119,20210612
1859,1,1,1,1,1,0,0,20201119,20210612
1860,0,0,0,0,0,0,0,20201119,20210612
1861,0,0,0,0,0,0,0,20201119,20210612
1862,0,0,0,0,0,0,0,20201119,20210612
1863,0,0,0,0,0,0,0,20201119,20210612
1864,0,0,0,0,0,0,0,20201119,20210612
1865,0,0,0,0,0,0,0,20201119,20210612
1866,0,0,0,0,0,0,0,20201119,20210612
1867,0,0,0,0,0,0,0,20201119,20210612
1868,1,1,1,1,1,1,0,20201119,20210612
1869,1,1,1,1,1,1,1,20201119,20210612
1870,0,0,0,0,0,0,1,20201119,20210612
1871,0,0,0,0,0,0,0,20201119,20210612
1872,1,0,1,1,1,0,0,20201119,20210612
1873,1,0,1,1,0,0,0,20201119,20210612
1874,1,1,0,1,0,0,0,20201119,20210612
1875,0,0,1,0,1,0,0,20201119,20210612
1876,0,1,0,0,0,0,0,20201119,20210612
1877,0,0,0,1,0,0,0,20201119,20210612
1878,1,1,1,0,1,0,0,20201119,20210612
1879,0,0,0,0,0,1,0,20201119,20210612
1880,1,1,1,1,1,1,0,20201119,20210612
1881,1,1,1,1,1,1,0,20201119,20210612
1882,1,1,1,1,1,0,1,20201119,20210612
1883,0,0,0,0,0,1,1,20201119,20210612
1884,1,1,0,0,1,0,0,20201119,20210612
1885,0,0,1,1,0,0,0,20201119,20210612
1886,1,1,1,0,1,0,0,20201119,20210612
1887,0,0,0,0,0,0,0,20201119,20210612
1888,0,0,0,0,0,0,0,20201119,20210612
1889,0,0,0,0,0,0,0,20201119,20210612
1890,0,0,0,0,0,0,0,20201119,20210612
1891,0,0,0,0,0,0,0,20201119,20210612
1892,0,0,0,0,0,0,0,20201119,20210612
1893,0,0,0,0,0,0,0,20201119,20210612
1894,0,0,0,0,0,0,0,20201119,20210612
1895,0,0,0,0,0,0,0,20201119,20210612
1896,0,0,0,0,0,0,0,20201119,20210612
1897,0,0,0,0,0,0,0,20201119,20210612
1898,0,0,0,0,0,0,0,20201119,20210612
1899,0,1,0,1,0,0,0,20201119,20210612
1900,0,0,0,0,0,0,0,20201119,20210612
1901,1,1,1,1,1,0,0,20201119,20210612
1902,1,1,1,1,0,0,0,20201119,20210612
1903,1,1,1,1,1,0,0,20201119,20210612
1904,0,0,0,0,0,1,0,20201119,20210612
1905,0,0,0,0,0,1,1,20201119,20210612
1906,1,1,1,1,1,1,0,20201119,20210612
1907,0,0,0,0,1,0,0,20201119,20210612
1908,1,1,1,1,1,0,0,20201119,20210612
1909,1,1,1,1,0,0,0,20201119,20210612
1910,0,0,0,1,0,0,0,20201119,20210612
1911,0,1,0,1,0,0,0,20201119,20210612
1912,0,1,0,1,0,0,0,20201119,20210612
1913,0,0,0,0,0,1,1,20201119,20210612
1914,0,0,0,0,0,1,1,20201119,20210612
1915,1,0,1,0,1,0,0,20201119,20210612
1916,0,0,0,0,0,1,1,20201119,20210612
1917,1,1,1,1,1,0,0,20201119,20210612
1918,1,1,1,0,1,0,0,20201119,20210612
1919,0,1,0,0,0,0,0,20201119,20210612
1920,0,0,0,0,0,1,0,20201119,20210612
1921,1,0,1,1,1,0,0,20201119,20210612
1922,0,0,0,0,0,0,0,20201119,20210612
1923,1,0,0,1,1,0,0,20201119,20210612
1924,0,1,1,0,0,0,0,20201119,20210612
1925,0,0,0,0,0,1,0,20201119,20210612
1926,1,1,0,1,1,0,0,20201119,20210612
1927,0,0,1,0,0,0,0,20201119,20210612
1928,0,0,0,0,0,0,0,20201119,20210612
1929,1,0,1,1,0,0,0,20201119,20210612
1930,1,1,1,1,1,1,0,20201119,20210612
1931,0,0,0,0,0,1,1,20201119,20210612
1932,0,0,0,0,0,1,1,20201119,20210612
1933,0,1,0,0,1,0,0,20201119,20210612
1934,0,0,0,0,0,0,0,20201119,20210612
1935,1,0,1,1,0,1,0,20201119,20210612
1936,1,1,1,1,1,1,1,20201119,20210612
1937,1,0,1,0,0,0,0,20201119,20210612
1938,1,0,1,0,0,1,0,20201119,20210612
1939,0,0,0,0,0,1,1,20201119,20210612
1940,0,0,0,1,0,0,0,20201119,20210612
1941,1,0,1,0,1,1,0,20201119,20210612
1942,0,0,1,0,0,0,0,20201119,20210612
1943,1,0,1,1,0,0,0,20201119,20210612
1944,0,1,0,0,1,0,0,20201119,20210612
1945,0,1,1,1,1,0,0,20201119,20210612
1946,1,0,0,0,0,0,0,20201119,20210612
1947,0,0,0,0,0,1,1,20201119,20210612
1948,0,0,0,0,0,0,0,20201119,20210612
1949,0,0,0,0,0,0,0,20201119,20210612
1950,0,0,0,0,0,0,0,20201119,20210612
1951,0,0,0,0,0,0,0,20201119,20210612
1952,0,0,0,0,0,0,0,20201119,20210612
1953,0,0,0,0,0,0,0,20201119,20210612
1954,0,0,0,0,0,0,0,20201119,20210612
1955,0,0,0,0,0,0,0,20201119,20210612
1956,0,0,0,0,0,0,0,20201119,20210612
1957,0,0,0,0,0,0,0,20201119,20210612
1958,1,1,1,1,1,1,1,20201119,20210612
1959,1,1,1,1,1,0,0,20201119,20210612
1960,0,0,0,0,0,0,0,20201119,20210612
1961,0,0,0,0,0,0,0,20201119,20210612
1962,0,0,0,0,0,0,0,20201119,20210612
1963,0,0,0,0,0,1,1,20201119,20210612
1964,1,1,1,0,0,0,0,20201119,20210612
1965,1,1,1,1,1,0,0,20201119,20210612
1966,0,0,0,0,0,0,0,20201119,20210612
1967,1,1,1,1,1,0,0,20201119,20210612
1968,0,0,0,0,0,0,0,20201119,20210612
1969,0,0,0,0,0,0,0,20201119,20210612
1970,0,0,0,0,0,0,0,20201119,20210612
1971,0,0,0,0,0,0,0,20201119,20210612
1972,0,0,0,0,0,0,0,20201119,20210612
1973,0,0,0,0,0,0,0,20201119,20210612
1974,0,0,0,0,0,0,0,20201119,20210612
1975,0,0,0,0,0,0,0,20201119,20210612
1976,0,0,0,0,0,0,0,20201119,20210612
1977,0,0,0,0,0,0,0,20201119,20210612
1978,0,0,0,0,0,0,0,20201119,20210612
1979,0,0,0,0,0,0,0,20201119,20210612
1980,0,0,0,0,0,0,0,20201119,20210612
1981,1,1,1,1,1,1,1,20201119,20210612
1982,0,0,0,0,0,0,0,20201119,20210612
1983,0,0,0,0,0,0,0,20201119,20210612
1984,0,0,0,0,0,0,1,20201119,20210612
1985,0,0,0,0,0,1,1,20201119,20210612
1986,0,0,0,0,0,1,0,20201119,20210612
1987,0,0,0,0,0,0,0,20201119,20210612
1988,0,0,0,0,0,0,0,20201119,20210612
1989,1,1,1,1,1,0,0,20201119,20210612
1990,0,0,0,0,0,0,0,20201119,20210612
1991,0,0,0,0,0,0,0,20201119,20210612
1992,0,0,0,0,0,0,0,20201119,20210612
1993,0,0,0,0,0,0,0,20201119,20210612
1994,0,0,0,0,0,0,0,20201119,20210612
1995,0,0,0,0,0,0,0,20201119,20210612
1996,0,0,0,0,0,0,0,20201119,20210612
1997,0,0,0,0,0,0,0,20201119,20210612
1998,0,0,0,0,0,0,0,20201119,20210612
1999,0,0,0,0,0,0,0,20201119,20210612
2000,0,0,0,0,0,0,0,20201119,20210612
2001,1,1,1,1,1,0,0,20201119,20210612
2002,1,1,1,1,1,0,0,20201119,20210612
2003,0,0,0,0,0,0,0,20201119,20210612
2004,0,0,0,0,0,0,0,20201119,20210612
2005,0,0,0,0,0,0,0,20201119,20210612
2006,0,0,0,0,0,0,0,20201119,20210612
2007,0,0,0,0,0,1,0,20201119,20210612
2008,0,0,0,1,1,0,0,20201119,20210612
2009,1,1,1,1,1,0,0,20201119,20210612
2010,0,0,0,0,0,1,1,20201119,20210612
2011,1,1,1,1,1,0,0,20201119,20210612
2012,1,1,1,1,1,1,1,20201119,20210612
2013,0,0,0,0,0,0,0,20201119,20210612
2014,1,1,1,1,1,1,1,20201119,20210612
2015,1,1,1,1,1,0,0,20201119,20210612
2016,0,0,0,0,0,0,0,20201119,20210612
2017,1,1,1,1,1,0,0,20201119,20210612
2018,0,0,0,0,0,0,0,20201119,20210612
2019,1,1,1,1,1,0,0,20201119,20210612
2020,0,1,0,0,1,0,0,20201119,20210612
2021,0,1,1,1,0,0,0,20201119,20210612
2022,0,0,0,0,0,0,0,20201119,20210612
2023,1,1,1,1,1,0,0,20201119,20210612
2024,1,1,1,1,1,0,0,20201119,20210612
2025,0,0,0,0,0,1,1,20201119,20210612
2026,0,0,0,0,0,0,0,20201119,20210612
2027,0,1,0,0,1,0,0,20201119,20210612
2028,1,0,1,1,0,0,0,20201119,20210612
2029,0,0,0,0,0,0,0,20201119,20210612
2030,0,0,0,0,0,0,0,20201119,20210612
2031,1,1,0,1,1,0,0,20201119,20210612
2032,0,0,1,0,0,0,0,20201119,20210612
2033,0,0,0,0,0,0,0,20201119,20210612
2034,1,1,1,0,0,0,0,20201119,20210612
2035,0,1,0,1,0,0,0,20201119,20210612
2036,0,0,0,0,0,0,0,20201119,20210612
2037,0,0,0,0,0,0,0,20201119,20210612
2038,1,1,1,1,0,0,0,20201119,20210612
2039,0,0,0,0,1,0,0,20201119,20210612
2040,0,0,0,0,0,0,0,20201119,20210612
2041,0,0,0,0,0,0,0,20201119,20210612
2042,0,0,0,0,0,0,0,20201119,20210612
2043,1,1,1,1,0,0,0,20201119,20210612
2044,0,0,0,0,0,0,0,20201119,20210612
2045,0,0,0,0,0,0,0,20201119,20210612
2046,1,1,1,1,1,0,0,20201119,20210612
2047,0,0,0,0,0,0,0,20201119,20210612
2048,1,1,1,1,1,0,0,20201119,20210612
2049,0,0,0,0,0,0,0,20201119,20210612
2050,1,1,1,1,0,0,0,20201119,20210612
2051,1,1,1,1,1,0,0,20201119,20210612
2052,0,0,0,1,1,0,0,20201119,20210612
